0
0
0
0
0
0
0
0
0
0
0
0
0
0
0
0
1.83333333333
1.26666666667
1.10714285714
1.13888888889
1.01818181818
1.0
1.0303030303
0.987179487179
0.967032967033
0.942857142857
0.889705882353
0.897058823529
0.888888888889
0.906432748538
0.970588235294
0.933333333333
0.942857142857
0.942857142857
0.933333333333
0.916666666667
0.883333333333
0.933333333333
0.933333333333
0.897058823529
0.942857142857
1.01282051282
0.981818181818
1.0
1.14285714286
1.14285714286
1.10714285714
1.14285714286
1.08333333333
1.0
1.13888888889
1.02777777778
1.14285714286
1.14285714286
1.14285714286
1.14285714286
1.14285714286
1.14285714286
1.07142857143
1.19047619048
1.19047619048
1.09523809524
1.83333333333
0
0
0
0
0
0
0
0
0
0
0
0
0
0
1.26666666667
1.14285714286
0.888888888889
0.911111111111
0.863636363636
0.910256410256
0.89010989011
0.85
0.883333333333
0.812865497076
0.771428571429
0.790476190476
0.757246376812
0.814229249012
0.773333333333
0.830039525692
0.82683982684
0.78354978355
0.809523809524
0.847368421053
0.836842105263
0.748917748918
0.744588744589
0.747035573123
0.770562770563
0.826315789474
0.941666666667
0.866666666667
0.884615384615
0.909090909091
0.890909090909
0.909090909091
0.833333333333
0.909090909091
0.945454545455
0.878787878788
0.981818181818
0.909090909091
0.854545454545
0.911111111111
0.911111111111
0.972222222222
0.944444444444
0.972222222222
0.888888888889
0.911111111111
0.888888888889
0.844444444444
1.26666666667
0
0
0
0
0
0
0
0
0
0
0
0
0
1.19047619048
0.977777777778
0.872727272727
0.890909090909
0.863636363636
0.733333333333
0.718954248366
0.7
0.692640692641
0.744588744589
0.717391304348
0.701538461538
0.695156695157
0.732193732194
0.738095238095
0.766381766382
0.714285714286
0.716923076923
0.754940711462
0.742753623188
0.704615384615
0.701538461538
0.669515669516
0.698461538462
0.757246376812
0.716666666667
0.795238095238
0.768421052632
0.718954248366
0.833333333333
0.782051282051
0.747252747253
0.807692307692
0.863636363636
0.833333333333
0.78021978022
0.820512820513
0.833333333333
0.848484848485
0.854545454545
0.836363636364
0.888888888889
0.866666666667
0.844444444444
0.888888888889
0.781818181818
0.916666666667
0.916666666667
0.888888888889
1.26666666667
0
0
0
0
0
0
0
0
0
0
0
0
0
0.955555555556
0.945454545455
0.833333333333
0.878787878788
0.791208791209
0.720588235294
0.732026143791
0.736842105263
0.692028985507
0.669515669516
0.679894179894
0.685185185185
0.651612903226
0.677419354839
0.676136363636
0.671370967742
0.664367816092
0.675213675214
0.716666666667
0.707692307692
0.695156695157
0.674603174603
0.689458689459
0.74
0.716923076923
0.72
0.723320158103
0.685714285714
0.761904761905
0.794871794872
0.833333333333
0.758241758242
0.807692307692
0.791208791209
0.858974358974
0.791208791209
0.848484848485
0.872727272727
0.818181818182
0.933333333333
0.888888888889
0.866666666667
0.888888888889
0.888888888889
0.888888888889
0.888888888889
0.888888888889
0.888888888889
0.888888888889
1.26666666667
0
0
0
0
0
0
0
0
0
0
0
0
1.10714285714
0.807692307692
0.761904761905
0.802197802198
0.725
0.75
0.742647058824
0.74269005848
0.747619047619
0.731884057971
0.74
0.693121693122
0.655913978495
0.664884135472
0.682709447415
0.649206349206
0.638655462185
0.662561576355
0.633004926108
0.664021164021
0.698005698006
0.729230769231
0.685185185185
0.706552706553
0.706552706553
0.689458689459
0.774891774892
0.688311688312
0.790476190476
0.742857142857
0.863636363636
0.791208791209
0.833333333333
0.769230769231
0.752380952381
0.8
0.75
0.747252747253
0.866666666667
0.844444444444
0.844444444444
0.844444444444
0.888888888889
0.888888888889
0.888888888889
0.888888888889
0.888888888889
0.888888888889
0.888888888889
0.888888888889
1.26666666667
0
0
0
0
0
0
0
0
0
0
1.83333333333
0.944444444444
0.872727272727
0.758241758242
0.771428571429
0.771428571429
0.75
0.742647058824
0.72514619883
0.752631578947
0.70652173913
0.726666666667
0.756666666667
0.703703703704
0.672348484848
0.711229946524
0.677777777778
0.655555555556
0.645276292335
0.659770114943
0.664021164021
0.707692307692
0.690476190476
0.682266009852
0.668965517241
0.664367816092
0.687830687831
0.698461538462
0.752380952381
0.684210526316
0.858974358974
0.833333333333
0.802197802198
0.824175824176
0.824175824176
0.791208791209
0.742857142857
0.780952380952
0.846153846154
0.714285714286
0.916666666667
0.888888888889
0.888888888889
0.888888888889
0.888888888889
0.888888888889
0.888888888889
0.888888888889
0.888888888889
0.888888888889
0.888888888889
0.888888888889
1.26666666667
0
0
0
0
0
0
0
0
0
0
1.5
1.10714285714
0.75641025641
0.78021978022
0.741666666667
0.735294117647
0.738562091503
0.758169934641
0.704761904762
0.703557312253
0.693333333333
0.701538461538
0.729230769231
0.729064039409
0.702317290553
0.715966386555
0.678678678679
0.669841269841
0.691287878788
0.731527093596
0.689655172414
0.695156695157
0.701058201058
0.71164021164
0.694581280788
0.684729064039
0.692307692308
0.743083003953
0.74269005848
0.752380952381
0.791208791209
0.771428571429
0.758333333333
0.783333333333
0.713235294118
0.813186813187
0.824175824176
0.813186813187
0.858974358974
0.782051282051
0.888888888889
0.888888888889
0.888888888889
0.888888888889
0.888888888889
0.861111111111
0.964285714286
1.0
0.888888888889
0.888888888889
0.888888888889
0.888888888889
1.26666666667
0
0
0
0
0
0
0
0
0
0
0.888888888889
1.0
0.769230769231
0.824175824176
0.742647058824
0.745098039216
0.771241830065
0.709523809524
0.705627705628
0.691699604743
0.683333333333
0.695384615385
0.677339901478
0.731182795699
0.725490196078
0.675675675676
0.683183183183
0.666666666667
0.705882352941
0.713709677419
0.691954022989
0.645161290323
0.687192118227
0.716931216931
0.697044334975
0.677339901478
0.68660968661
0.722943722944
0.757352941176
0.807692307692
0.769230769231
0.780952380952
0.775
0.783333333333
0.8
0.691176470588
0.835164835165
0.769230769231
0.782051282051
0.955555555556
1.0
0.866666666667
0.844444444444
0.844444444444
0.888888888889
1.0
0.928571428571
0.964285714286
0.888888888889
0.888888888889
0.888888888889
0.888888888889
1.26666666667
0
0
0
0
0
0
0
0
0
0
0.909090909091
0.893939393939
0.725
0.718954248366
0.694736842105
0.721052631579
0.771929824561
0.783625730994
0.733333333333
0.733333333333
0.673913043478
0.65811965812
0.681720430108
0.715909090909
0.672672672673
0.686186186186
0.654520917679
0.669985775249
0.690476190476
0.698752228164
0.660984848485
0.655913978495
0.668965517241
0.689655172414
0.703703703704
0.679894179894
0.750988142292
0.81045751634
0.820512820513
0.807692307692
0.758241758242
0.846153846154
0.923076923077
0.735294117647
0.790476190476
0.691176470588
0.835164835165
0.72380952381
0.836363636364
0.74358974359
1.0
0.80303030303
0.888888888889
0.888888888889
0.866666666667
0.888888888889
1.0
0.861111111111
0.888888888889
0.888888888889
0.888888888889
0.888888888889
1.26666666667
0
0
0
0
0
0
0
0
0
1.02777777778
0.794871794872
0.752380952381
0.727941176471
0.745098039216
0.692640692641
0.728571428571
0.709523809524
0.704761904762
0.714285714286
0.719047619048
0.705627705628
0.661375661376
0.703448275862
0.715725806452
0.673015873016
0.687301587302
0.665718349929
0.674253200569
0.695238095238
0.69243697479
0.676136363636
0.653225806452
0.649462365591
0.657471264368
0.72
0.746376811594
0.842105263158
0.772058823529
0.807692307692
0.807692307692
0.782051282051
0.704761904762
0.78021978022
0.858974358974
0.833333333333
0.846153846154
0.924242424242
0.848484848485
0.866666666667
0.836363636364
0.890909090909
0.890909090909
0.836363636364
0.911111111111
0.944444444444
0.916666666667
0.888888888889
0.888888888889
0.888888888889
0.888888888889
0.888888888889
0.888888888889
1.26666666667
0
0
0
0
0
0
0
0
1.4
0.933333333333
0.848484848485
0.791208791209
0.75
0.731578947368
0.727272727273
0.703557312253
0.652173913043
0.67619047619
0.705263157895
0.721052631579
0.714285714286
0.739130434783
0.671264367816
0.668560606061
0.680926916221
0.689075630252
0.704761904762
0.698412698413
0.695238095238
0.727272727273
0.679144385027
0.636974789916
0.639112903226
0.655172413793
0.686153846154
0.753246753247
0.875
0.802197802198
0.863636363636
0.794871794872
0.977777777778
1.0
0.933333333333
0.854545454545
0.836363636364
0.75641025641
0.890909090909
0.818181818182
0.8
0.854545454545
0.854545454545
0.854545454545
0.781818181818
0.844444444444
0.844444444444
0.888888888889
0.888888888889
0.916666666667
0.888888888889
0.888888888889
0.888888888889
0.888888888889
1.26666666667
0
0
0
0
0
0
0
2.0
0.888888888889
0.866666666667
0.74358974359
0.791208791209
0.8
0.763157894737
0.77619047619
0.748917748918
0.705627705628
0.7
0.719298245614
0.705263157895
0.701298701299
0.727272727273
0.701538461538
0.668965517241
0.673387096774
0.673949579832
0.709243697479
0.665718349929
0.723707664884
0.75
0.698752228164
0.642642642643
0.655303030303
0.650246305419
0.723320158103
0.715789473684
0.809523809524
0.80303030303
0.872727272727
0.872727272727
0.836363636364
0.8
0.888888888889
0.888888888889
0.888888888889
0.888888888889
0.916666666667
0.888888888889
0.854545454545
0.818181818182
0.757575757576
0.888888888889
0.844444444444
0.844444444444
0.844444444444
0.888888888889
0.866666666667
0.944444444444
0.844444444444
0.888888888889
0.888888888889
0.888888888889
1.26666666667
0
0
0
0
0
0
0
1.07142857143
1.0
0.872727272727
0.75641025641
0.742857142857
0.783333333333
0.80701754386
0.748917748918
0.8
0.752631578947
0.730994152047
0.738562091503
0.745098039216
0.675324675325
0.714285714286
0.717391304348
0.695384615385
0.666666666667
0.675579322638
0.663663663664
0.657183499289
0.696825396825
0.704761904762
0.695238095238
0.705882352941
0.663101604278
0.736666666667
0.728571428571
0.725490196078
0.820512820513
0.8
0.8
0.866666666667
0.888888888889
0.888888888889
0.888888888889
0.888888888889
0.916666666667
0.916666666667
0.888888888889
0.772727272727
0.833333333333
0.909090909091
0.833333333333
0.945454545455
0.794871794872
0.911111111111
0.888888888889
0.888888888889
0.888888888889
0.911111111111
0.866666666667
0.888888888889
0.888888888889
0.888888888889
1.26666666667
0
0
0
0
0
0
0
0.939393939394
0.924242424242
0.791208791209
0.794871794872
0.807692307692
0.720588235294
0.81045751634
0.752380952381
0.687747035573
0.748538011696
0.72514619883
0.713450292398
0.72514619883
0.666666666667
0.692640692641
0.714285714286
0.702898550725
0.636559139785
0.663101604278
0.637268847795
0.642375168691
0.65641025641
0.681511470985
0.677462887989
0.681681681682
0.691287878788
0.713333333333
0.721052631579
0.8
0.871794871795
0.769230769231
0.888888888889
0.888888888889
0.888888888889
0.844444444444
0.888888888889
0.844444444444
0.866666666667
0.888888888889
0.8
0.836363636364
0.833333333333
0.75641025641
0.733333333333
0.790476190476
0.809523809524
0.752380952381
0.787878787879
0.911111111111
0.836363636364
0.836363636364
0.888888888889
0.844444444444
0.888888888889
0.888888888889
1.26666666667
0
0
0
0
0
0
1.32142857143
0.961538461538
0.948717948718
0.725
0.807692307692
0.807692307692
0.758333333333
0.777777777778
0.683982683983
0.670995670996
0.758169934641
0.758169934641
0.72514619883
0.721052631579
0.747368421053
0.754385964912
0.652173913043
0.68115942029
0.636559139785
0.685483870968
0.663492063492
0.615725359911
0.635658914729
0.650406504065
0.71021021021
0.700840336134
0.701149425287
0.695652173913
0.738562091503
0.713235294118
0.846153846154
0.833333333333
0.836363636364
0.818181818182
0.836363636364
0.818181818182
0.916666666667
0.844444444444
0.8
0.933333333333
0.74358974359
0.818181818182
0.833333333333
0.736263736264
0.741666666667
0.764705882353
0.808333333333
0.819047619048
0.75641025641
0.836363636364
0.772727272727
0.836363636364
0.911111111111
0.844444444444
0.888888888889
0.888888888889
1.26666666667
0
0
0
0
0
0
1.0303030303
0.866666666667
0.772058823529
0.769230769231
0.807692307692
0.72380952381
0.783333333333
0.764705882353
0.748538011696
0.710526315789
0.705263157895
0.730994152047
0.726315789474
0.72380952381
0.783625730994
0.74269005848
0.694736842105
0.719367588933
0.664367816092
0.681818181818
0.666666666667
0.652564102564
0.646922183508
0.711711711712
0.723707664884
0.717741935484
0.675213675214
0.777777777778
0.819047619048
0.791208791209
0.846153846154
0.863636363636
0.909090909091
0.893939393939
0.927272727273
0.818181818182
0.872727272727
0.888888888889
0.911111111111
0.872727272727
0.833333333333
0.736263736264
0.807692307692
0.927272727273
0.742857142857
0.757352941176
0.745098039216
0.901098901099
0.769230769231
0.933333333333
0.911111111111
0.933333333333
0.911111111111
0.844444444444
0.844444444444
0.844444444444
1.26666666667
0
0
0
0
0
0
1.0303030303
0.961538461538
0.75
0.807692307692
0.78021978022
0.691176470588
0.8
0.794117647059
0.713450292398
0.7
0.72514619883
0.685714285714
0.719047619048
0.718614718615
0.747368421053
0.694736842105
0.751633986928
0.743083003953
0.67816091954
0.70564516129
0.699159663866
0.65991902834
0.679943100996
0.732954545455
0.743842364532
0.692307692308
0.652173913043
0.757352941176
0.775
0.833333333333
0.833333333333
0.802197802198
0.742857142857
0.824175824176
0.742857142857
0.791208791209
0.981818181818
0.758241758242
0.836363636364
0.80303030303
0.890909090909
0.736263736264
0.794871794872
0.863636363636
0.782051282051
0.858974358974
0.868131868132
0.835164835165
0.747252747253
0.911111111111
0.818181818182
0.911111111111
0.911111111111
0.888888888889
0.944444444444
0.944444444444
1.33333333333
0
0
0
0
0
0
0.879120879121
0.901098901099
0.713235294118
0.807692307692
0.771428571429
0.783333333333
0.705882352941
0.707602339181
0.732026143791
0.808333333333
0.705263157895
0.742105263158
0.727272727273
0.722943722944
0.731578947368
0.720588235294
0.690476190476
0.766798418972
0.664516129032
0.67803030303
0.693404634581
0.70944741533
0.716129032258
0.717948717949
0.757142857143
0.771241830065
0.738562091503
0.727941176471
0.75
0.733333333333
0.725
0.741666666667
0.720588235294
0.809523809524
0.733333333333
0.741666666667
0.846153846154
0.752380952381
0.787878787879
0.8
0.818181818182
0.872727272727
0.890909090909
0.872727272727
0.8
0.818181818182
0.872727272727
0.872727272727
0.818181818182
0.818181818182
0.818181818182
0.836363636364
0.836363636364
0.888888888889
0.781818181818
0.844444444444
1.26666666667
0
0
0
0
0
1.2
0.901098901099
0.791666666667
0.752380952381
0.820512820513
0.846153846154
0.89010989011
0.712418300654
0.772058823529
0.732026143791
0.764705882353
0.78431372549
0.768421052632
0.707509881423
0.733333333333
0.730994152047
0.771428571429
0.714285714286
0.766798418972
0.671264367816
0.664772727273
0.693548387097
0.732804232804
0.716923076923
0.704761904762
0.679653679654
0.736842105263
0.751633986928
0.742647058824
0.720588235294
0.727941176471
0.695906432749
0.751633986928
0.764705882353
0.786764705882
0.742647058824
0.691176470588
0.790476190476
0.909090909091
0.80303030303
0.80303030303
0.794871794872
0.747252747253
0.872727272727
0.933333333333
0.866666666667
0.916666666667
0.888888888889
0.844444444444
0.844444444444
0.866666666667
0.911111111111
0.836363636364
0.836363636364
0.911111111111
0.844444444444
0.888888888889
1.26666666667
0
0
0
0
1.06666666667
0.935897435897
0.879120879121
0.742647058824
0.807692307692
0.820512820513
0.790476190476
0.838095238095
0.838095238095
0.8
0.742647058824
0.725490196078
0.766081871345
0.773684210526
0.722943722944
0.81045751634
0.712418300654
0.75
0.752380952381
0.692307692308
0.679894179894
0.706349206349
0.732307692308
0.750988142292
0.7
0.695238095238
0.726315789474
0.777777777778
0.72514619883
0.727941176471
0.705882352941
0.791666666667
0.745098039216
0.721052631579
0.731578947368
0.748538011696
0.751633986928
0.692810457516
0.8
0.820512820513
0.854545454545
0.863636363636
1.0
0.858974358974
0.833333333333
0.794871794872
0.818181818182
0.933333333333
0.888888888889
0.888888888889
0.888888888889
0.844444444444
0.888888888889
0.818181818182
0.818181818182
0.888888888889
0.844444444444
0.888888888889
1.26666666667
0
0
0
1.66666666667
0.863636363636
1.13888888889
0.809523809524
0.705882352941
0.807692307692
0.807692307692
0.761904761905
0.758333333333
0.791666666667
0.8
0.790476190476
0.712418300654
0.760233918129
0.747368421053
0.752631578947
0.779411764706
0.761904761905
0.7
0.780952380952
0.706666666667
0.731884057971
0.710144927536
0.711462450593
0.690476190476
0.721052631579
0.709523809524
0.771929824561
0.74269005848
0.764705882353
0.691176470588
0.780952380952
0.738562091503
0.74269005848
0.714285714286
0.719047619048
0.714285714286
0.74269005848
0.779411764706
0.8
0.72380952381
0.772727272727
0.833333333333
0.78021978022
0.733333333333
0.758241758242
0.848484848485
0.848484848485
0.833333333333
0.818181818182
0.844444444444
0.888888888889
0.888888888889
0.916666666667
0.916666666667
0.916666666667
0.916666666667
0.888888888889
0.888888888889
1.26666666667
0
0
0
1.10714285714
1.08333333333
0.927272727273
0.733333333333
0.794871794872
0.807692307692
0.807692307692
0.807692307692
0.78021978022
0.780952380952
0.758333333333
0.780952380952
0.727941176471
0.78431372549
0.74269005848
0.764705882353
0.741666666667
0.780952380952
0.760233918129
0.752380952381
0.757142857143
0.738095238095
0.731578947368
0.707602339181
0.732026143791
0.830882352941
0.714285714286
0.726315789474
0.764705882353
0.766666666667
0.752380952381
0.791666666667
0.758169934641
0.771929824561
0.757894736842
0.705627705628
0.69696969697
0.709523809524
0.695238095238
0.85
0.75
0.818181818182
0.848484848485
0.794871794872
0.807692307692
1.0
0.818181818182
0.911111111111
0.888888888889
0.866666666667
0.888888888889
0.888888888889
0.888888888889
0.888888888889
0.888888888889
0.888888888889
0.888888888889
0.888888888889
0.888888888889
1.26666666667
0
0
0
1.10714285714
1.0
0.833333333333
0.911111111111
0.848484848485
0.807692307692
0.807692307692
0.807692307692
0.807692307692
0.769230769231
0.78021978022
0.761904761905
0.699346405229
0.786764705882
0.764705882353
0.741666666667
0.733333333333
0.720588235294
0.748538011696
0.747368421053
0.731578947368
0.764705882353
0.727941176471
0.742857142857
0.718954248366
0.748538011696
0.726315789474
0.801470588235
0.742647058824
0.771428571429
0.75
0.786764705882
0.797385620915
0.733333333333
0.742857142857
0.714285714286
0.705627705628
0.714285714286
0.709523809524
0.771241830065
0.738562091503
0.78021978022
0.761904761905
0.846153846154
0.752380952381
0.820512820513
0.872727272727
0.861111111111
0.916666666667
0.888888888889
0.888888888889
0.888888888889
0.888888888889
0.888888888889
0.888888888889
0.888888888889
0.888888888889
0.888888888889
0.888888888889
1.26666666667
0
0
0
1.26666666667
1.07142857143
0.861111111111
0.781818181818
0.872727272727
0.863636363636
0.769230769231
0.78021978022
0.820512820513
0.807692307692
0.807692307692
0.769230769231
0.705882352941
0.808333333333
0.757352941176
0.752380952381
0.742857142857
0.766666666667
0.779411764706
0.745098039216
0.701754385965
0.783333333333
0.741666666667
0.780952380952
0.766666666667
0.751633986928
0.719298245614
0.857142857143
0.780952380952
0.791208791209
0.75
0.758169934641
0.760233918129
0.709956709957
0.722943722944
0.695652173913
0.687747035573
0.709956709957
0.738095238095
0.742105263158
0.751633986928
0.761904761905
0.824175824176
0.897435897436
0.8
0.858974358974
0.890909090909
0.866666666667
0.888888888889
0.888888888889
0.888888888889
0.888888888889
0.888888888889
0.888888888889
0.861111111111
1.0
0.888888888889
0.888888888889
0.888888888889
1.26666666667
0
0
1.66666666667
1.0
1.0
1.0
1.03571428571
0.75641025641
0.807692307692
0.791208791209
0.802197802198
0.833333333333
0.807692307692
0.807692307692
0.78021978022
0.8
0.738562091503
0.745098039216
0.741666666667
0.813186813187
0.733333333333
0.791666666667
0.75
0.732026143791
0.695906432749
0.707602339181
0.732026143791
0.705882352941
0.783333333333
0.838095238095
0.868131868132
0.791208791209
0.794871794872
0.75
0.758169934641
0.731578947368
0.675889328063
0.695652173913
0.74025974026
0.684782608696
0.699604743083
0.778947368421
0.757894736842
0.758169934641
0.666666666667
0.833333333333
0.802197802198
0.820512820513
0.747252747253
0.80303030303
0.888888888889
0.844444444444
0.888888888889
0.888888888889
0.888888888889
0.888888888889
0.888888888889
0.964285714286
0.928571428571
1.0
0.888888888889
0.888888888889
1.26666666667
0
0
1.3
1.0
1.3
1.13333333333
0.781818181818
0.872727272727
0.807692307692
0.858974358974
0.741666666667
0.752380952381
0.807692307692
0.807692307692
0.741666666667
0.779411764706
0.715789473684
0.764705882353
0.672514619883
0.813186813187
0.725
0.838095238095
0.745098039216
0.719298245614
0.715789473684
0.78431372549
0.72514619883
0.718954248366
0.846153846154
0.791208791209
0.725274725275
0.757575757576
0.685714285714
0.835164835165
0.779411764706
0.726315789474
0.69696969697
0.687747035573
0.766666666667
0.766666666667
0.731601731602
0.773684210526
0.726315789474
0.857142857143
0.758241758242
0.854545454545
0.80303030303
0.872727272727
0.872727272727
0.80303030303
0.911111111111
0.844444444444
0.888888888889
0.888888888889
0.888888888889
0.888888888889
0.888888888889
1.0
1.0
0.861111111111
0.888888888889
0.888888888889
1.26666666667
3.0
2.0
1.13333333333
1.13333333333
1.2
1.2
0.822222222222
0.872727272727
0.769230769231
0.802197802198
0.835164835165
0.813186813187
0.820512820513
0.769230769231
0.758333333333
0.771241830065
0.731578947368
0.747368421053
0.718954248366
0.802197802198
0.733333333333
0.825
0.7
0.7
0.766081871345
0.7
0.74269005848
0.732026143791
0.741666666667
0.833333333333
0.80303030303
0.820512820513
0.858974358974
0.775
0.7
0.736842105263
0.705627705628
0.718614718615
0.718614718615
0.714285714286
0.72380952381
0.715789473684
0.75
0.820512820513
0.772727272727
0.888888888889
0.818181818182
0.818181818182
0.890909090909
0.769230769231
0.818181818182
0.781818181818
0.916666666667
0.888888888889
0.888888888889
0.888888888889
0.888888888889
0.844444444444
0.944444444444
0.844444444444
0.888888888889
0.888888888889
1.26666666667
1.66666666667
0
1.66666666667
1.0
1.1
1.0
0.818181818182
0.80303030303
0.863636363636
0.78021978022
0.813186813187
0.802197802198
0.820512820513
0.791208791209
0.742647058824
0.766081871345
0.719047619048
0.81045751634
0.791666666667
0.791208791209
0.758333333333
0.751633986928
0.7
0.742105263158
0.731578947368
0.74269005848
0.794117647059
0.847619047619
0.713235294118
0.858974358974
0.802197802198
0.791208791209
0.846153846154
0.720588235294
0.719298245614
0.748538011696
0.803921568627
0.81045751634
0.797385620915
0.74269005848
0.786764705882
0.783333333333
0.878787878788
0.818181818182
0.888888888889
0.916666666667
0.866666666667
0.836363636364
0.794871794872
0.927272727273
0.878787878788
0.787878787879
0.944444444444
0.844444444444
0.888888888889
0.888888888889
0.888888888889
0.866666666667
0.972222222222
0.866666666667
0.888888888889
0.888888888889
1.26666666667
0
3.0
3.0
1.33333333333
0.904761904762
0.888888888889
0.911111111111
0.854545454545
0.833333333333
0.807692307692
0.742857142857
0.733333333333
0.820512820513
0.858974358974
0.725490196078
0.771929824561
0.771929824561
0.803921568627
0.727941176471
0.78021978022
0.720588235294
0.78431372549
0.803921568627
0.760233918129
0.705263157895
0.75
0.727941176471
0.780952380952
0.780952380952
0.813186813187
0.858974358974
0.846153846154
0.846153846154
0.813186813187
0.879120879121
0.758169934641
0.74269005848
0.719298245614
0.745098039216
0.75
0.752380952381
0.833333333333
0.854545454545
0.888888888889
0.888888888889
0.888888888889
0.888888888889
0.866666666667
0.911111111111
0.80303030303
0.848484848485
0.836363636364
0.944444444444
0.888888888889
0.888888888889
0.888888888889
0.844444444444
0.888888888889
0.836363636364
0.888888888889
0.844444444444
0.888888888889
1.26666666667
0
0
3.0
1.33333333333
1.0
0.844444444444
0.854545454545
0.854545454545
0.80303030303
0.863636363636
0.807692307692
0.807692307692
0.769230769231
0.733333333333
0.751633986928
0.754385964912
0.752631578947
0.72514619883
0.780952380952
0.807692307692
0.809523809524
0.904761904762
0.866666666667
0.816176470588
0.718954248366
0.720588235294
0.802197802198
0.807692307692
0.78021978022
0.78021978022
0.820512820513
0.782051282051
0.866666666667
0.787878787879
0.833333333333
0.771428571429
0.775
0.771428571429
0.807692307692
0.818181818182
0.818181818182
0.972222222222
0.866666666667
0.888888888889
0.888888888889
0.888888888889
0.888888888889
0.888888888889
0.916666666667
0.916666666667
0.888888888889
0.781818181818
0.964285714286
1.0
0.888888888889
0.888888888889
0.844444444444
0.911111111111
0.854545454545
0.933333333333
0.818181818182
0.888888888889
1.26666666667
0
0
1.66666666667
1.5
1.0
0.844444444444
0.836363636364
0.80303030303
0.836363636364
0.848484848485
0.807692307692
0.794871794872
0.794871794872
0.708333333333
0.757352941176
0.758169934641
0.794117647059
0.775
0.833333333333
0.747252747253
0.794871794872
0.858974358974
0.758333333333
0.741666666667
0.771428571429
0.771428571429
0.733333333333
0.807692307692
0.769230769231
0.769230769231
0.833333333333
0.818181818182
1.0
0.844444444444
0.933333333333
0.836363636364
0.685714285714
0.836363636364
0.888888888889
0.888888888889
0.888888888889
0.916666666667
0.888888888889
0.888888888889
0.888888888889
0.861111111111
1.0
0.888888888889
0.888888888889
0.888888888889
0.888888888889
1.0
0.964285714286
0.833333333333
0.964285714286
1.0
0.844444444444
0.888888888889
0.787878787879
0.836363636364
0.888888888889
0.844444444444
1.26666666667
0
0
0
1.3
0.777777777778
0.916666666667
0.836363636364
0.836363636364
0.836363636364
0.833333333333
0.794871794872
0.782051282051
0.833333333333
0.863636363636
0.75
0.828571428571
0.791666666667
0.733333333333
0.747252747253
0.890909090909
0.818181818182
0.854545454545
0.769230769231
0.820512820513
0.790476190476
0.727941176471
0.758333333333
0.813186813187
0.802197802198
0.791208791209
0.945454545455
0.933333333333
0.833333333333
0.916666666667
0.944444444444
0.888888888889
0.916666666667
1.03571428571
0.964285714286
0.861111111111
0.888888888889
0.888888888889
0.888888888889
0.888888888889
0.888888888889
0.964285714286
0.964285714286
0.861111111111
1.0
0.888888888889
0.888888888889
0.888888888889
0.888888888889
0.964285714286
1.2
0.833333333333
0.888888888889
0.944444444444
0.916666666667
0.916666666667
0.916666666667
0.888888888889
1.26666666667
0
0
3.0
1.13333333333
1.0
0.861111111111
0.911111111111
0.836363636364
0.836363636364
0.833333333333
0.782051282051
0.872727272727
0.854545454545
0.833333333333
0.820512820513
0.893939393939
0.807692307692
0.818181818182
0.782051282051
0.794871794872
0.833333333333
0.848484848485
0.863636363636
0.752380952381
0.8
0.8
0.75
0.766666666667
0.741666666667
0.791208791209
0.893939393939
0.933333333333
0.928571428571
0.928571428571
0.944444444444
0.916666666667
0.916666666667
0.833333333333
0.964285714286
1.0
0.888888888889
0.888888888889
0.888888888889
0.888888888889
0.888888888889
1.0
0.833333333333
1.04761904762
0.928571428571
1.0
0.888888888889
0.888888888889
0.888888888889
0.964285714286
0.952380952381
1.04761904762
0.822222222222
1.03571428571
0.844444444444
0.888888888889
0.888888888889
0.888888888889
1.26666666667
0
0
0
2.0
1.13333333333
0.964285714286
0.844444444444
0.911111111111
0.836363636364
0.818181818182
0.833333333333
0.854545454545
0.836363636364
0.787878787879
0.890909090909
0.818181818182
0.818181818182
0.80303030303
0.769230769231
0.794871794872
0.807692307692
0.807692307692
0.820512820513
0.802197802198
0.846153846154
0.8
0.757352941176
0.735294117647
0.780952380952
0.802197802198
0.863636363636
0.8
1.0
0.964285714286
0.861111111111
0.916666666667
0.861111111111
1.0
0.888888888889
0.888888888889
0.888888888889
0.888888888889
0.888888888889
0.888888888889
0.888888888889
0.888888888889
1.0
0.964285714286
0.964285714286
0.861111111111
0.888888888889
0.888888888889
0.888888888889
1.09523809524
0.904761904762
1.0
0.888888888889
0.916666666667
0.822222222222
0.888888888889
0.888888888889
0.888888888889
1.26666666667
0
0
0
0
1.66666666667
1.04761904762
0.888888888889
0.844444444444
0.888888888889
0.854545454545
0.872727272727
0.836363636364
0.854545454545
0.772727272727
0.836363636364
0.730769230769
0.782051282051
0.820512820513
0.820512820513
0.769230769231
0.807692307692
0.769230769231
0.769230769231
0.769230769231
0.72380952381
0.733333333333
0.758333333333
0.698529411765
0.771428571429
0.769230769231
0.80303030303
0.8
0.888888888889
0.861111111111
1.0
0.888888888889
0.888888888889
0.888888888889
0.888888888889
0.888888888889
0.888888888889
0.888888888889
0.888888888889
0.888888888889
0.888888888889
0.888888888889
0.888888888889
0.888888888889
0.888888888889
0.888888888889
0.888888888889
0.888888888889
0.888888888889
0.964285714286
1.13333333333
1.0
0.861111111111
0.916666666667
0.888888888889
0.888888888889
0.888888888889
0.888888888889
1.26666666667
0
0
0
0
3.0
1.13333333333
0.964285714286
0.888888888889
0.844444444444
0.888888888889
0.854545454545
0.836363636364
0.836363636364
0.818181818182
0.818181818182
0.888888888889
0.848484848485
0.835164835165
0.897435897436
0.871794871795
0.802197802198
0.761904761905
0.780952380952
0.790476190476
0.780952380952
0.802197802198
0.72380952381
0.7
0.716666666667
0.761904761905
0.802197802198
0.878787878788
0.836363636364
1.0
0.861111111111
0.888888888889
0.888888888889
1.0
0.861111111111
0.888888888889
0.888888888889
0.888888888889
0.861111111111
1.0
0.888888888889
0.888888888889
0.888888888889
0.888888888889
0.861111111111
1.0
0.888888888889
0.888888888889
0.888888888889
0.964285714286
1.0
0.928571428571
1.0
0.888888888889
0.888888888889
0.888888888889
0.888888888889
0.916666666667
1.26666666667
0
0
0
0
0
1.2
1.0
0.964285714286
0.916666666667
0.888888888889
0.818181818182
0.836363636364
0.787878787879
0.888888888889
1.0
0.911111111111
0.836363636364
0.78021978022
0.846153846154
0.75
0.771428571429
0.871794871795
0.75
0.775
0.809523809524
0.884615384615
0.893939393939
0.878787878788
0.791208791209
0.858974358974
0.835164835165
0.939393939394
0.890909090909
0.916666666667
0.888888888889
0.888888888889
1.0
0.833333333333
1.0
0.888888888889
0.888888888889
0.888888888889
1.0
0.861111111111
0.888888888889
1.0
0.964285714286
0.833333333333
1.04761904762
0.928571428571
1.0
0.888888888889
0.888888888889
0.964285714286
0.928571428571
1.0
0.916666666667
0.916666666667
0.888888888889
0.916666666667
0.844444444444
0.916666666667
1.14285714286
0
0
0
0
0
3.0
1.06666666667
1.0
0.861111111111
0.944444444444
0.818181818182
0.888888888889
1.0
0.888888888889
0.844444444444
0.844444444444
0.888888888889
0.787878787879
0.769230769231
0.813186813187
0.761904761905
0.761904761905
0.771428571429
0.790476190476
0.775
0.857142857143
0.820512820513
0.848484848485
0.890909090909
0.848484848485
0.807692307692
0.807692307692
0.730769230769
0.888888888889
0.888888888889
0.888888888889
0.964285714286
0.964285714286
0.888888888889
0.888888888889
0.888888888889
0.888888888889
0.888888888889
0.888888888889
0.888888888889
0.964285714286
1.0
1.0
1.0
1.0
0.928571428571
1.0
0.888888888889
0.861111111111
1.0
0.844444444444
0.888888888889
0.818181818182
0.757575757576
0.916666666667
0.844444444444
0.916666666667
1.26666666667
0
0
0
0
0
3.0
3.0
1.3
1.04761904762
0.717948717949
0.80303030303
0.888888888889
0.8
0.8
0.972222222222
0.8
0.888888888889
0.818181818182
0.818181818182
0.820512820513
0.802197802198
0.802197802198
0.769230769231
0.769230769231
0.791208791209
0.820512820513
0.772727272727
0.866666666667
0.944444444444
0.928571428571
1.0
0.888888888889
0.861111111111
0.964285714286
1.04761904762
1.04761904762
0.928571428571
0.964285714286
0.888888888889
0.861111111111
0.964285714286
1.0
0.861111111111
1.0
0.888888888889
0.964285714286
0.928571428571
1.09523809524
0.964285714286
0.964285714286
0.964285714286
0.861111111111
0.888888888889
0.888888888889
0.844444444444
0.781818181818
0.872727272727
0.833333333333
0.872727272727
0.888888888889
0.888888888889
0.888888888889
1.26666666667
0
0
0
0
0
0
3.0
1.06666666667
0.888888888889
0.854545454545
0.836363636364
0.844444444444
0.861111111111
1.0
0.866666666667
0.916666666667
0.844444444444
0.818181818182
0.872727272727
0.878787878788
0.78021978022
0.820512820513
0.863636363636
0.80303030303
0.787878787879
0.933333333333
0.972222222222
0.928571428571
1.06666666667
1.0
1.33333333333
1.5
1.3
0.952380952381
1.06666666667
1.0
1.0
1.0
0.888888888889
0.964285714286
1.04761904762
0.861111111111
0.964285714286
0.964285714286
0.888888888889
0.861111111111
1.0
0.888888888889
0.888888888889
0.888888888889
0.888888888889
0.888888888889
0.888888888889
0.916666666667
0.888888888889
0.836363636364
0.848484848485
0.782051282051
0.833333333333
0.844444444444
0.888888888889
0.888888888889
1.26666666667
0
0
0
0
0
0
0
1.3
0.944444444444
0.872727272727
0.911111111111
0.916666666667
0.964285714286
0.928571428571
0.964285714286
1.09523809524
0.916666666667
0.772727272727
0.909090909091
0.858974358974
0.771428571429
0.813186813187
0.791208791209
0.782051282051
0.944444444444
1.0
0.888888888889
0.964285714286
0.952380952381
1.1
1.33333333333
1.66666666667
1.66666666667
1.5
1.66666666667
1.66666666667
1.13333333333
0.964285714286
1.0
0.964285714286
0.928571428571
1.0
1.0
0.861111111111
0.888888888889
0.888888888889
0.888888888889
0.888888888889
0.888888888889
0.888888888889
0.888888888889
0.888888888889
0.888888888889
0.916666666667
0.888888888889
0.911111111111
0.818181818182
0.872727272727
0.955555555556
0.866666666667
0.916666666667
0.888888888889
1.26666666667
0
0
0
0
0
0
0
1.0
0.916666666667
0.866666666667
0.844444444444
0.888888888889
0.964285714286
0.952380952381
1.3
1.2
0.861111111111
1.0
0.848484848485
0.813186813187
0.871794871795
0.780952380952
0.771428571429
0.945454545455
0.888888888889
0.928571428571
0.928571428571
1.04761904762
1.13333333333
1.0
1.33333333333
3.0
0
3.0
3.0
0
3.0
1.2
1.0
1.04761904762
1.13333333333
0.892857142857
1.0
0.888888888889
0.888888888889
0.888888888889
0.888888888889
0.888888888889
0.888888888889
1.0
0.928571428571
0.964285714286
0.861111111111
1.0
0.844444444444
0.844444444444
0.844444444444
0.8
0.911111111111
0.818181818182
0.944444444444
0.822222222222
1.26666666667
0
0
0
0
0
2.0
0.916666666667
0.944444444444
0.888888888889
0.888888888889
0.888888888889
0.964285714286
1.13333333333
1.3
2.0
0
2.0
1.2
1.2380952381
1.0
1.04444444444
1.02222222222
1.28571428571
1.09523809524
0
1.13333333333
1.0
1.13333333333
1.0
1.0
3.0
1.5
3.0
0
3.0
1.33333333333
1.33333333333
1.33333333333
1.33333333333
1.06666666667
0.952380952381
1.13333333333
1.0
1.0
0.928571428571
0.964285714286
0.964285714286
0.964285714286
1.04761904762
0.952380952381
1.1
1.06666666667
1.13333333333
0.892857142857
0.964285714286
0.964285714286
1.0
0.844444444444
0.888888888889
0.888888888889
0.916666666667
1.04761904762
1.2
0
0
0
0
3.0
1.26666666667
1.0
0.911111111111
0.916666666667
0.888888888889
0.888888888889
0.964285714286
1.06666666667
1.66666666667
0
0
0
0
0
0
0
0
3.0
0
0
1.4
1.04761904762
1.06666666667
1.0
1.0
1.2
1.3
0
0
0
3.0
1.0
1.0
1.0
1.33333333333
1.2
1.3
1.0
1.0
1.13333333333
1.0
1.0
1.13333333333
1.0
1.0
1.0
1.0
1.0
1.06666666667
1.0
1.0
0.928571428571
1.09523809524
0.888888888889
1.03571428571
0.892857142857
1.06666666667
1.5
0
0
0
0
3.0
1.5
1.0
0.836363636364
0.916666666667
0.888888888889
0.888888888889
1.0
0.952380952381
1.66666666667
0
0
0
0
0
0
0
0
0
0
0
0
0.944444444444
0.888888888889
0.952380952381
1.13333333333
0.928571428571
1.4
0
0
0
0
0
1.66666666667
1.0
1.0
1.0
1.33333333333
1.33333333333
1.2
1.0
1.0
1.13333333333
1.0
1.0
1.0
1.0
1.33333333333
1.0
1.3
0.952380952381
0.952380952381
1.04761904762
0.928571428571
1.04761904762
0.892857142857
1.1
1.0
1.33333333333
0
0
0
0
0
0
1.04761904762
0.861111111111
0.964285714286
1.04761904762
1.0
0.952380952381
2.0
0
0
0
0
0
0
0
0
0
0
0
0
0
1.0
1.02777777778
0.818181818182
0.844444444444
0.866666666667
1.07142857143
0
0
0
0
0
0
0
3.0
1.33333333333
1.0
1.5
1.33333333333
1.0
1.13333333333
0.952380952381
1.1
1.0
1.0
1.0
1.66666666667
1.06666666667
0.952380952381
1.0
1.0
1.04761904762
0.928571428571
0.928571428571
1.13333333333
1.0
1.0
1.33333333333
0
0
0
0
0
1.66666666667
1.0
1.5
1.3
1.2
1.33333333333
1.66666666667
0
0
0
0
0
0
0
0
0
0
0
0
0
0
1.19047619048
1.02777777778
0.872727272727
0.911111111111
1.0
1.19047619048
1.66666666667
0
0
0
0
0
0
0
3.0
1.0
1.2
1.06666666667
1.0
1.0
1.0
1.06666666667
1.06666666667
1.06666666667
1.13333333333
0.928571428571
1.2
0.857142857143
1.09523809524
1.0
0.892857142857
1.13333333333
0.964285714286
1.0
1.0
1.0
1.33333333333
0
0
0
0
0
3.0
1.2
1.5
1.66666666667
1.66666666667
3.0
0
0
0
0
0
0
0
0
0
0
0
0
0
0
0
1.3
0.928571428571
1.03571428571
0.844444444444
0.888888888889
1.03571428571
0
0
3.0
0
0
0
0
0
0
3.0
1.5
1.2
1.2
1.2
1.2
1.33333333333
1.06666666667
1.13333333333
0.952380952381
0.964285714286
0.861111111111
1.04761904762
0.928571428571
1.0
1.0
1.0
1.2
0.952380952381
1.0
1.0
1.33333333333
0
0
0
0
0
2.0
1.2
0.964285714286
1.26666666667
1.3
1.33333333333
3.0
0
0
0
0
0
0
0
0
0
0
0
0
0
0
1.2
1.1
0.933333333333
1.5
1.2
1.4
0
0
1.66666666667
1.33333333333
1.66666666667
0
3.0
1.66666666667
1.66666666667
1.66666666667
0
3.0
3.0
3.0
1.2
1.1
1.33333333333
1.1
1.1
0.952380952381
0.928571428571
1.04761904762
1.0
1.04761904762
1.0
1.0
1.06666666667
1.13333333333
1.0
1.0
1.33333333333
0
0
0
0
0
0
0.854545454545
0.933333333333
0.888888888889
0.964285714286
1.0
1.14285714286
1.6
0
0
0
0
0
0
0
0
0
0
0
0
0
2.0
1.5
1.66666666667
3.0
0
0
0
0
0
1.66666666667
1.33333333333
1.5
1.2
1.3
2.0
1.66666666667
0
3.0
3.0
0
0
3.0
1.66666666667
1.33333333333
1.0
1.0
1.13333333333
1.04761904762
0.964285714286
0.892857142857
1.0
1.2
0.952380952381
1.0
1.13333333333
1.06666666667
1.2
0
0
0
0
0
0
1.06060606061
0.857142857143
0.809523809524
0.80303030303
0.844444444444
0.8
1.07142857143
1.19047619048
3.0
3.0
0
0
0
0
0
0
0
0
0
0
3.0
1.3
1.13333333333
1.66666666667
0
0
0
0
0
0
0
1.2
0
1.13333333333
1.3
3.0
0
0
0
0
0
0
3.0
1.33333333333
1.33333333333
1.5
0.952380952381
0.928571428571
0.964285714286
1.2
0.952380952381
1.0
0.952380952381
1.06666666667
1.13333333333
1.0
1.3
0
0
0
0
0
0
0.952380952381
0.816993464052
0.952380952381
0.835164835165
0.933333333333
0.80303030303
0.911111111111
1.0
1.33333333333
3.0
0
0
0
0
0
0
0
0
0
0
1.33333333333
1.06666666667
0.952380952381
1.5
0
0
0
0
0
0
1.66666666667
1.06666666667
1.2
1.2
1.3
0
0
0
0
0
0
0
0
1.66666666667
1.66666666667
1.66666666667
1.2
0.952380952381
1.3
0.904761904762
1.1
1.0
1.1
1.33333333333
1.2
1.3
2.0
0
0
0
0
0
0.989010989011
1.08974358974
0.933333333333
0.852941176471
0.835164835165
0.820512820513
0.878787878788
0.911111111111
1.04761904762
1.66666666667
0
0
0
0
0
0
0
0
0
0
3.0
1.33333333333
1.13333333333
1.3
3.0
3.0
0
0
0
0
0
1.33333333333
1.06666666667
0.952380952381
1.2
1.0
2.0
0
0
3.0
1.66666666667
1.66666666667
3.0
3.0
1.66666666667
3.0
3.0
1.66666666667
1.0
1.1
1.0
1.33333333333
1.33333333333
1.33333333333
1.66666666667
1.66666666667
1.66666666667
3.0
0
0
0
0
0
1.0
0.901098901099
0.833333333333
0.707602339181
0.7
0.802197802198
0.924242424242
0.955555555556
1.3
0
0
0
0
0
0
0
0
0
0
0
3.0
1.1
1.13333333333
1.0
3.0
1.66666666667
1.66666666667
0
0
0
0
1.2
1.13333333333
1.0
1.0
1.13333333333
1.0
1.33333333333
1.66666666667
1.66666666667
1.66666666667
1.66666666667
3.0
3.0
3.0
0
0
0
1.66666666667
1.33333333333
1.33333333333
1.66666666667
1.66666666667
3.0
3.0
1.66666666667
1.66666666667
3.0
0
0
0
0
0
1.0
0.909090909091
0.769230769231
0.78021978022
0.871794871795
1.06666666667
0.863636363636
0
3.0
0
0
0
0
0
0
0
0
0
0
3.0
1.66666666667
1.33333333333
1.1
1.66666666667
0
0
3.0
0
0
0
1.83333333333
1.2
0.952380952381
1.3
1.3
0.952380952381
0.952380952381
1.2
1.3
1.0
1.33333333333
1.66666666667
3.0
3.0
3.0
0
0
0
3.0
1.66666666667
1.66666666667
1.66666666667
1.66666666667
3.0
0
3.0
1.66666666667
3.0
0
0
0
0
0
1.0
0.890909090909
0.927272727273
0.794871794872
1.0
0.848484848485
0
0
0
0
0
0
0
0
0
0
0
0
0
1.33333333333
1.33333333333
1.66666666667
1.66666666667
1.66666666667
0
0
0
0
0
0
1.3
1.2
2.0
0
0
1.5
1.0
0.892857142857
1.3
2.0
3.0
1.66666666667
3.0
0
0
0
0
1.66666666667
1.33333333333
1.33333333333
3.0
0
0
0
0
0
0
0
0
0
0
0
1.66666666667
1.04761904762
1.33333333333
1.14285714286
0.911111111111
1.4
1.4
0
0
0
0
0
0
0
0
0
0
0
0
3.0
1.66666666667
1.66666666667
1.66666666667
1.66666666667
1.1
1.66666666667
0
0
0
0
0
3.0
0
0
0
1.66666666667
1.1
1.0
1.2
3.0
1.66666666667
3.0
3.0
3.0
0
0
0
0
1.33333333333
1.1
1.2
1.66666666667
1.33333333333
3.0
0
0
0
0
0
0
0
0
0
3.0
3.0
2.0
0
0
0
0
0
0
0
0
0
0
0
0
0
0
0
0
1.3
1.83333333333
1.66666666667
1.33333333333
1.3
1.2
1.13333333333
1.2
0
0
0
0
0
0
0
1.66666666667
1.0
1.0
1.13333333333
1.3
1.66666666667
0
0
3.0
3.0
3.0
0
0
0
1.33333333333
1.0
1.1
1.0
1.33333333333
0
0
0
0
0
0
0
0
0
0
0
1.66666666667
3.0
0
0
0
0
0
0
0
0
0
0
0
0
0
0
0
0
1.4
0.952380952381
1.0
1.0
1.13333333333
1.13333333333
1.13333333333
1.0
1.3
0
0
0
0
0
0
1.66666666667
1.33333333333
1.33333333333
1.0
1.1
1.66666666667
1.66666666667
3.0
0
3.0
1.33333333333
0
0
0
1.66666666667
1.33333333333
1.33333333333
1.0
1.66666666667
0
0
0
0
0
0
0
0
0
0
0
0
0
0
0
0
0
0
0
0
0
0
0
0
0
0
0
0
0
1.3
1.3
1.5
1.0
1.06666666667
0.928571428571
0.952380952381
1.0
1.0
1.3
0
0
0
0
0
0
0
3.0
1.66666666667
1.0
1.33333333333
1.66666666667
0
0
0
3.0
0
0
0
0
1.33333333333
1.0
1.33333333333
0
0
0
0
0
0
0
0
0
0
0
0
0
0
0
0
0
0
0
0
0
0
0
0
0
0
0
0
0
0
1.2
1.2
1.2
1.0
1.06666666667
1.0
1.0
1.0
0.952380952381
1.0
1.66666666667
0
0
0
0
3.0
3.0
3.0
0
1.13333333333
1.06666666667
1.5
3.0
0
3.0
3.0
0
0
0
0
1.33333333333
1.0
1.5
0
0
0
0
0
0
0
0
0
0
0
0
0
0
0
0
0
0
0
3.0
0
0
0
0
0
0
0
0
0
0
3.0
0
1.13333333333
1.13333333333
0.904761904762
0.952380952381
1.13333333333
0.952380952381
1.13333333333
1.66666666667
1.66666666667
0
3.0
3.0
0
0
0
0
0
1.83333333333
1.2
1.2
3.0
3.0
1.66666666667
1.66666666667
3.0
0
0
0
1.66666666667
1.5
1.66666666667
0
0
0
0
0
0
0
0
0
0
0
0
0
0
0
0
0
0
0
3.0
0
0
0
0
0
0
0
0
0
0
0
3.0
1.3
1.3
1.5
1.66666666667
2.0
2.0
1.3
2.0
3.0
3.0
0
0
3.0
3.0
0
0
0
0
1.3
1.66666666667
0
3.0
0
1.66666666667
3.0
0
0
0
3.0
3.0
0
0
0
0
0
0
0
0
