0
0
0
0
0
0
0
0
0
0
0
0
0
0
0
0
1.26666666667
1.23636363636
0.961904761905
0.847311827957
0.901075268817
0.900178253119
0.91632928475
0.863475177305
0.870286576169
0.845130066546
0.818740399386
0.81279746166
0.802732240437
0.805137844612
0.790909090909
0.801948051948
0.832706766917
0.855194805195
0.82131147541
0.832203389831
0.802732240437
0.786885245902
0.823308270677
0.846153846154
0.876700680272
0.895470383275
0.851282051282
0.808467741935
0.785714285714
0.820105820106
0.8125
0.83422459893
0.848790322581
0.847311827957
0.857471264368
0.863247863248
0.861538461538
0.833992094862
0.865497076023
0.831168831169
0.883116883117
0.926406926407
0.885375494071
0.881422924901
0.968421052632
1.075
1.31111111111
0
0
0
0
0
0
0
0
0
0
0
0
0
0
0.994152046784
0.887445887446
0.873517786561
0.916666666667
0.795454545455
0.806543385491
0.817275747508
0.812925170068
0.82320055905
0.804918032787
0.787412587413
0.78431372549
0.77034428795
0.772233400402
0.767701863354
0.744064386318
0.747412008282
0.776571687019
0.786654960492
0.8
0.787878787879
0.713684210526
0.727878563495
0.75291750503
0.796153846154
0.851179673321
0.868623340321
0.814901960784
0.797435897436
0.734453781513
0.720647773279
0.715393133998
0.763414634146
0.798920377868
0.798008534851
0.806722689076
0.832661290323
0.852873563218
0.774193548387
0.741379310345
0.766666666667
0.754985754986
0.812307692308
0.806267806268
0.797720797721
0.843333333333
0.889328063241
0.963157894737
1.0
0
0
0
0
0
0
0
0
0
0
0
0
0
0.846666666667
0.932806324111
0.817733990148
0.797701149425
0.810752688172
0.741025641026
0.723137254902
0.753535353535
0.747055811572
0.768298368298
0.760563380282
0.733766233766
0.727848101266
0.701400560224
0.715251248898
0.712277682157
0.710255656773
0.71701439906
0.745044429255
0.756756756757
0.74787115883
0.710159039273
0.676470588235
0.708641975309
0.753424657534
0.815865384615
0.82131147541
0.786885245902
0.748911465893
0.739687055477
0.690243902439
0.676418439716
0.677647058824
0.757928118393
0.760797342193
0.759581881533
0.761538461538
0.816399286988
0.810483870968
0.734848484848
0.70752688172
0.704433497537
0.701149425287
0.737931034483
0.731182795699
0.679144385027
0.722580645161
0.792022792023
0.840579710145
0.93567251462
0
0
0
0
0
0
0
0
0
0
0
0
0
0.825396825397
0.8
0.747899159664
0.737237237237
0.68524970964
0.694727891156
0.704519774011
0.701053555751
0.729175050302
0.724912280702
0.728334956183
0.682863113898
0.667134174848
0.668309070549
0.666666666667
0.68048245614
0.680701754386
0.696947496947
0.722604704532
0.722222222222
0.701146047605
0.671745522588
0.648821779913
0.705106138841
0.736124634859
0.783436853002
0.777622377622
0.718414918415
0.692244897959
0.661733615222
0.71096345515
0.687058823529
0.646616541353
0.711836734694
0.718085106383
0.70390070922
0.721987315011
0.76386913229
0.749579831933
0.779310344828
0.746305418719
0.691954022989
0.651515151515
0.691532258065
0.70564516129
0.617354196302
0.610241820768
0.701149425287
0.78
0.934640522876
0
0
0
0
0
0
0
0
0
0
0
0
0.866666666667
0.795698924731
0.734920634921
0.666666666667
0.643848288622
0.664115646259
0.637228979376
0.646499238965
0.681403508772
0.712287712288
0.68487394958
0.670573870574
0.643232323232
0.63928304705
0.644923629829
0.644859813084
0.645898234683
0.654088050314
0.678939617084
0.692063492063
0.66889632107
0.642324561404
0.602336028751
0.65352743561
0.713725490196
0.731790123457
0.732631578947
0.701052631579
0.640886476707
0.655874190564
0.671497584541
0.744186046512
0.715102040816
0.636723163842
0.633333333333
0.668686868687
0.681568627451
0.693262411348
0.669696969697
0.65
0.693181818182
0.740740740741
0.732193732194
0.70197044335
0.708045977011
0.71724137931
0.657196969697
0.651515151515
0.727513227513
0.822134387352
0.877192982456
0
0
0
0
0
0
0
0
0
0
1.13333333333
0.851851851852
0.776344086022
0.684615384615
0.660606060606
0.638367346939
0.589071038251
0.60625
0.59040959041
0.621198434207
0.66265060241
0.687320711417
0.677403245943
0.659364261168
0.63956043956
0.645917827544
0.645864045864
0.620744603795
0.639962738705
0.647502047502
0.653500264504
0.649738610904
0.611676396997
0.581259370315
0.591216216216
0.651167683568
0.695352400409
0.704201680672
0.705960705961
0.634385964912
0.62962962963
0.668599033816
0.698550724638
0.781838316722
0.680642907058
0.656987295826
0.634426229508
0.642314436002
0.669683257919
0.678191489362
0.606530612245
0.592929292929
0.685483870968
0.691954022989
0.672413793103
0.674603174603
0.698412698413
0.70197044335
0.687356321839
0.675268817204
0.722222222222
0.826086956522
0.934640522876
0
0
0
0
0
0
0
0
0
0
1.00526315789
0.969696969697
0.708708708709
0.624113475177
0.65233785822
0.632788868724
0.634408602151
0.60036036036
0.598967297762
0.614808874632
0.672977624785
0.674668028601
0.660246360582
0.65801980198
0.669712545212
0.679853479853
0.65502528445
0.636245110821
0.633782413443
0.635131152373
0.632233883058
0.603168044077
0.567950581395
0.563870967742
0.589778794813
0.64297029703
0.686392009988
0.690763052209
0.656962025316
0.611180124224
0.656799259944
0.680193236715
0.711378353377
0.751690821256
0.703619909502
0.674025974026
0.65335753176
0.626553672316
0.647099930119
0.712070874862
0.673170731707
0.598780487805
0.633613445378
0.655241935484
0.638709677419
0.597849462366
0.613793103448
0.627956989247
0.668965517241
0.673563218391
0.77
0.835497835498
0.921568627451
0
0
0
0
0
0
0
0
0
0
0.891304347826
0.802298850575
0.664343786295
0.62893081761
0.705370101597
0.674011299435
0.641352063213
0.60564751704
0.589263420724
0.601215521272
0.646941323346
0.653397391901
0.656565656566
0.664191890348
0.660210669385
0.684535355317
0.646240764885
0.637190082645
0.633112044438
0.624550179928
0.618019458883
0.583675866119
0.539007092199
0.562742248062
0.61620795107
0.67673301304
0.702521008403
0.679614573924
0.636060718252
0.606516290727
0.664734299517
0.669326241135
0.657616892911
0.681749622926
0.654545454545
0.65974025974
0.701357466063
0.665457184325
0.633822501747
0.673361522199
0.65243902439
0.656156156156
0.664884135472
0.683870967742
0.714285714286
0.698005698006
0.695384615385
0.770750988142
0.764492753623
0.712250712251
0.732307692308
0.865497076023
0.978021978022
0
0
0
0
0
0
0
0
0
0
0.858461538462
0.739750445633
0.639184397163
0.678787878788
0.697837521917
0.678443420379
0.651747655584
0.586919104991
0.581440781441
0.605656848995
0.614912280702
0.636860929939
0.662828282828
0.68075385494
0.661588861589
0.664493091135
0.640563609267
0.64958677686
0.662610459221
0.652756017661
0.612645348837
0.584446190102
0.564297981967
0.580825396825
0.666237113402
0.71512605042
0.7335997336
0.703018108652
0.635432667691
0.673737373737
0.685492801772
0.658649398705
0.638009049774
0.665882352941
0.648497554158
0.683921568627
0.708333333333
0.66612244898
0.625098039216
0.609620721554
0.644871794872
0.640113798009
0.642016806723
0.696551724138
0.800724637681
0.764492753623
0.753623188406
0.778656126482
0.762845849802
0.666666666667
0.693333333333
0.812865497076
0.987179487179
0
0
0
0
0
0
0
0
0
0.786324786325
0.73185483871
0.648947951274
0.6618287373
0.679719462303
0.695081967213
0.675
0.61940022214
0.597151898734
0.596990424077
0.627633378933
0.62708762297
0.648625429553
0.669108910891
0.644226044226
0.646476761619
0.635144289392
0.651101928375
0.669708822251
0.67736131934
0.678718535469
0.62592175978
0.591740545393
0.565217391304
0.605326876513
0.671699839854
0.756322624744
0.776119402985
0.72131147541
0.681749622926
0.664904862579
0.668292682927
0.673170731707
0.63961352657
0.599419448476
0.589225589226
0.701449275362
0.713530655391
0.669565217391
0.602352941176
0.59296947271
0.692063492063
0.693404634581
0.679435483871
0.74358974359
0.726153846154
0.739130434783
0.724637681159
0.739130434783
0.683076923077
0.663333333333
0.659420289855
0.797385620915
0.974358974359
0
0
0
0
0
0
0
0
0.894736842105
0.724137931034
0.741935483871
0.630588235294
0.64851784634
0.707199032063
0.655011655012
0.664335664336
0.614916286149
0.586746586747
0.606393606394
0.632640770852
0.661587810746
0.658333333333
0.669190448457
0.632533733133
0.644357525713
0.629032258065
0.644112247574
0.662672176309
0.696270543616
0.692283806862
0.634920634921
0.589442505025
0.601623062016
0.595987411487
0.656565656566
0.72360972361
0.761538461538
0.738961038961
0.651360544218
0.599444958372
0.641025641026
0.711229946524
0.704099821747
0.631578947368
0.572549019608
0.687572590012
0.765079365079
0.70641025641
0.640591966173
0.65641025641
0.69243697479
0.645378151261
0.617424242424
0.632183908046
0.689230769231
0.620689655172
0.744588744589
0.77619047619
0.722943722944
0.683982683983
0.726315789474
0.816176470588
0.948717948718
0
0
0
0
0
0
0
1.08571428571
0.878787878788
0.746305418719
0.600966183575
0.632323232323
0.67987012987
0.67530407192
0.675371223758
0.624844720497
0.620719929763
0.616010854817
0.618925831202
0.627705627706
0.668067226891
0.645021645022
0.653663003663
0.627736131934
0.643053744749
0.651120448179
0.649073703852
0.661157024793
0.68700265252
0.680957128614
0.634527304756
0.606209150327
0.603288314739
0.605559926567
0.623346852407
0.630976893159
0.643974960876
0.622033898305
0.650505050505
0.582446808511
0.578787878788
0.638326585695
0.695187165775
0.672268907563
0.634615384615
0.709523809524
0.701280227596
0.697705802969
0.692307692308
0.676113360324
0.674174174174
0.611336032389
0.631016042781
0.679894179894
0.673846153846
0.66
0.703557312253
0.771428571429
0.687747035573
0.7
0.726315789474
0.78431372549
0.948717948718
0
0
0
0
0
0
0
0.936842105263
0.753968253968
0.665079365079
0.644518272425
0.670204081633
0.681818181818
0.679096045198
0.626865671642
0.629836829837
0.62251984127
0.634132086499
0.629296668429
0.645780051151
0.663354411322
0.632525252525
0.613577863578
0.627307398932
0.644267609785
0.65464290888
0.637587301587
0.646544181977
0.641573693482
0.627668845316
0.619062731408
0.595272353546
0.602348796242
0.610459220629
0.581276199348
0.557173364395
0.597718253968
0.614630467572
0.631313131313
0.627272727273
0.561683599419
0.585098039216
0.651162790698
0.64343786295
0.695798319328
0.624854819977
0.626849894292
0.671951219512
0.673170731707
0.622222222222
0.619191919192
0.656097560976
0.671794871795
0.727272727273
0.694252873563
0.634408602151
0.735177865613
0.748917748918
0.695652173913
0.704761904762
0.736842105263
0.816176470588
1.0303030303
0
0
0
0
0
0
0
0.836666666667
0.768472906404
0.675675675676
0.654485049834
0.701449275362
0.659932659933
0.687662337662
0.613053613054
0.606246799795
0.624686716792
0.614845119813
0.612599206349
0.619770455387
0.64149280047
0.640570175439
0.621383647799
0.634725634726
0.631029986962
0.638677862188
0.618449107844
0.610996916752
0.602974490298
0.617245334167
0.626688453159
0.611437908497
0.616903225806
0.607359105729
0.60101010101
0.615087719298
0.648497554158
0.644042232278
0.662234042553
0.652210884354
0.647346938776
0.641779788839
0.667517006803
0.65780141844
0.624242424242
0.612050739958
0.628964059197
0.687179487179
0.698717948718
0.621646623497
0.644444444444
0.672203765227
0.721997300945
0.726984126984
0.739919354839
0.695564516129
0.677339901478
0.695384615385
0.658461538462
0.683794466403
0.709956709957
0.816993464052
0.987179487179
0
0
0
0
0
0
0.982456140351
0.893280632411
0.74623655914
0.686186186186
0.657505285412
0.671600370028
0.662895927602
0.665269042628
0.642230576441
0.612781954887
0.65731292517
0.596753246753
0.605654761905
0.617224880383
0.630532212885
0.646642246642
0.624719940254
0.631859883236
0.618044077135
0.615544760583
0.593337218337
0.601107226107
0.615577103535
0.651283914729
0.667453448728
0.673550776243
0.674395329441
0.667105263158
0.625490196078
0.613986013986
0.698979591837
0.648766328012
0.619047619048
0.655485674354
0.716836734694
0.690856313498
0.678733031674
0.661960784314
0.63829787234
0.605797101449
0.633192389006
0.661129568106
0.652525252525
0.63961352657
0.661616161616
0.687707641196
0.717948717949
0.715504978663
0.677098150782
0.668907563025
0.708045977011
0.708994708995
0.698461538462
0.663333333333
0.714285714286
0.816993464052
0.987179487179
0
0
0
0
0
0
0.957894736842
0.865942028986
0.796296296296
0.688888888889
0.65737514518
0.661835748792
0.659013605442
0.650980392157
0.630624092888
0.635918367347
0.632653061224
0.611460517121
0.62003968254
0.622044622045
0.645588678109
0.666484268126
0.611090365945
0.59299719888
0.597137745975
0.615468409586
0.612846865365
0.638536640108
0.655293088364
0.685354193829
0.700695322377
0.719597069597
0.708118556701
0.701090074584
0.654147104851
0.663973063973
0.69306122449
0.647811447811
0.618644067797
0.685064935065
0.711390635919
0.72322775264
0.705128205128
0.688979591837
0.648936170213
0.613526570048
0.638477801268
0.67131242741
0.671096345515
0.652525252525
0.675475687104
0.706155632985
0.734143049933
0.713900134953
0.691322901849
0.69696969697
0.731034482759
0.73645320197
0.667338709677
0.636559139785
0.683333333333
0.789473684211
0.945054945055
0
0
0
0
0
0
0.889473684211
0.822463768116
0.683467741935
0.607287449393
0.635897435897
0.621212121212
0.673311184939
0.639222941721
0.661616161616
0.653535353535
0.632978723404
0.610902255639
0.647596153846
0.652587519026
0.667805878332
0.645549318364
0.603113553114
0.566967383761
0.604010025063
0.628730918205
0.617969085444
0.671649619722
0.705480515448
0.708203530633
0.702455739577
0.682745825603
0.671046344959
0.678321678322
0.653613053613
0.673439767779
0.66107617051
0.635813672111
0.618535586278
0.640040962622
0.649769585253
0.719077568134
0.742346938776
0.680995475113
0.659574468085
0.613526570048
0.660975609756
0.637420718816
0.660022148394
0.685365853659
0.647474747475
0.618794326241
0.710256410256
0.684615384615
0.719327731092
0.702651515152
0.713978494624
0.786324786325
0.769230769231
0.750769230769
0.779220779221
0.812865497076
0.956043956044
0
0
0
0
0
0
0.782608695652
0.75
0.658064516129
0.623529411765
0.673949579832
0.65
0.649245063879
0.664343786295
0.653377630122
0.684146341463
0.617346938776
0.649727767695
0.662143826323
0.658295281583
0.661654135338
0.629832810867
0.594111969112
0.601232625229
0.620276162791
0.641264162194
0.658666666667
0.697940503432
0.704761904762
0.710190369541
0.653576437588
0.63304392237
0.617039586919
0.601428107757
0.593561368209
0.648051948052
0.620903954802
0.60625
0.580289193303
0.607589984351
0.635911352329
0.685563997662
0.692929292929
0.678431372549
0.639455782313
0.593971631206
0.624735729387
0.671794871795
0.693657219973
0.686909581646
0.647840531561
0.590986394558
0.633192389006
0.641463414634
0.633001422475
0.631746031746
0.655971479501
0.71724137931
0.721674876847
0.749287749288
0.716923076923
0.780952380952
0.956043956044
0
0
0
0
0
0.942105263158
0.818181818182
0.76
0.720797720798
0.658064516129
0.6875
0.704099821747
0.657219973009
0.676113360324
0.731746031746
0.678205128205
0.68115942029
0.656284153005
0.671202809482
0.678012519562
0.655677655678
0.622518286311
0.595577395577
0.63748125937
0.670645446508
0.666804407713
0.661904761905
0.691641182467
0.687280972995
0.667240390132
0.68490945674
0.676470588235
0.607207207207
0.581052631579
0.556756756757
0.599590373784
0.64011299435
0.580669710807
0.590175438596
0.598245614035
0.659882406151
0.670250896057
0.666861484512
0.631578947368
0.581453634085
0.603265306122
0.635306553911
0.675641025641
0.708708708709
0.704204204204
0.681365576102
0.658569500675
0.645074224022
0.641141141141
0.638655462185
0.636363636364
0.640151515152
0.639928698752
0.663306451613
0.70197044335
0.665024630542
0.826315789474
0.987179487179
0
0
0
0
0.901185770751
0.877470355731
0.816666666667
0.743386243386
0.67816091954
0.675862068966
0.696551724138
0.697580645161
0.685714285714
0.736185383244
0.695195195195
0.660859465738
0.664489795918
0.694915254237
0.667080745342
0.702809482002
0.653110047847
0.613125638407
0.611803392177
0.691322073384
0.706227106227
0.716442048518
0.70781671159
0.677227722772
0.649425287356
0.690079016681
0.791754018169
0.742286751361
0.615515771526
0.575855130785
0.612903225806
0.62771020624
0.631713554987
0.629026286561
0.649843505477
0.649843505477
0.636801184746
0.632420091324
0.635206321335
0.618551587302
0.598870056497
0.623529411765
0.663847780127
0.660859465738
0.71746031746
0.72268907563
0.748106060606
0.79802955665
0.729838709677
0.672348484848
0.722222222222
0.699507389163
0.632575757576
0.647177419355
0.641129032258
0.693121693122
0.707692307692
0.836842105263
0.9
0
0
0
0.984210526316
0.963157894737
0.973684210526
0.83
0.683870967742
0.626893939394
0.672413793103
0.671264367816
0.659090909091
0.68449197861
0.713012477718
0.693650793651
0.633333333333
0.650505050505
0.677419354839
0.686247086247
0.67867494824
0.635031635032
0.592609182531
0.63898989899
0.676161616162
0.715131578947
0.706658420944
0.706404862085
0.663474692202
0.625770853619
0.720765027322
0.772390572391
0.774310595065
0.694862155388
0.583898688376
0.614439324117
0.639596136962
0.668812877264
0.645894190198
0.654657578708
0.647784810127
0.64199935086
0.625770853619
0.645148669797
0.63184079602
0.615547329455
0.689716312057
0.720092915215
0.674796747967
0.681511470985
0.660028449502
0.687394957983
0.719758064516
0.670231729055
0.593093093093
0.628787878788
0.70197044335
0.685057471264
0.633064516129
0.634408602151
0.68253968254
0.73
0.774891774892
0.942857142857
0
0
0
0.953216374269
0.977941176471
0.921052631579
0.738095238095
0.636363636364
0.641379310345
0.689458689459
0.630107526882
0.671264367816
0.701149425287
0.679924242424
0.648648648649
0.64347826087
0.670779220779
0.693989071038
0.715300546448
0.677787532924
0.636140350877
0.61388410786
0.627362542955
0.694096133751
0.693263258481
0.703540903541
0.658926342072
0.622702702703
0.689196108551
0.720338983051
0.783018867925
0.715538847118
0.641530054645
0.611845584347
0.661034306196
0.678175618073
0.685235816815
0.664945496271
0.646551724138
0.625967540574
0.64119894211
0.651681651682
0.667908902692
0.664682539683
0.669799498747
0.692244897959
0.670918367347
0.689855072464
0.672304439746
0.593894542091
0.577167019027
0.624624624625
0.625210084034
0.587301587302
0.651209677419
0.727513227513
0.732193732194
0.677248677249
0.698461538462
0.71
0.716666666667
0.774891774892
0.971428571429
0
0
0
0.934065934066
1.01098901099
0.774703557312
0.674876847291
0.692307692308
0.68660968661
0.664021164021
0.64039408867
0.65763546798
0.662068965517
0.649193548387
0.648841354724
0.644444444444
0.664160401003
0.704266510812
0.68356374808
0.659350307287
0.614149008886
0.63298245614
0.635802469136
0.634207240949
0.639668537824
0.581813931744
0.548516439455
0.612121212121
0.699334543255
0.72305764411
0.747474747475
0.716981132075
0.618644067797
0.615079365079
0.630877452795
0.664002664003
0.690189873418
0.649131767109
0.643711843712
0.648439450687
0.646511627907
0.659340659341
0.67867494824
0.649932157395
0.666666666667
0.676342525399
0.687925170068
0.700483091787
0.715393133998
0.669988925803
0.65243902439
0.662162162162
0.650623885918
0.67311827957
0.730158730159
0.716748768473
0.735042735043
0.747035573123
0.719367588933
0.713768115942
0.750988142292
0.821052631579
0.856209150327
0
0
0
1.0
0.846153846154
0.690058479532
0.709956709957
0.696666666667
0.695156695157
0.685185185185
0.665024630542
0.64367816092
0.666666666667
0.645161290323
0.634920634921
0.632092198582
0.664935064935
0.692679975802
0.631694468832
0.626915113872
0.603850425768
0.634368530021
0.614492753623
0.584598296927
0.627868852459
0.576388888889
0.544146825397
0.60666277031
0.690909090909
0.681185722928
0.708595387841
0.65037593985
0.620927318296
0.630952380952
0.675653923541
0.670253164557
0.655172413793
0.65393258427
0.634866163349
0.604823747681
0.637702871411
0.65177784308
0.632911392405
0.619482496195
0.648087431694
0.683257918552
0.74861572536
0.720930232558
0.782361308677
0.756756756757
0.739682539683
0.746212121212
0.681818181818
0.681720430108
0.671370967742
0.679435483871
0.655913978495
0.69
0.738095238095
0.683333333333
0.731884057971
0.836842105263
0.888888888889
0
1.5
0.818181818182
1.04444444444
0.820512820513
0.692810457516
0.676666666667
0.674603174603
0.673563218391
0.706896551724
0.691954022989
0.682266009852
0.664367816092
0.685057471264
0.652916073969
0.658937198068
0.657239057239
0.649717514124
0.6033126294
0.595461658842
0.587122736419
0.627752176139
0.618535586278
0.612599206349
0.637054354179
0.619209039548
0.603246753247
0.627450980392
0.652549019608
0.656748911466
0.648766328012
0.610774410774
0.603156049094
0.668306010929
0.669215291751
0.662451068955
0.648902821317
0.65443196005
0.647157190635
0.649816849817
0.640699126092
0.652100840336
0.627387599177
0.594620253165
0.600526777875
0.642907058001
0.706131078224
0.693446088795
0.677589852008
0.666666666667
0.65243902439
0.673015873016
0.673796791444
0.59379217274
0.642016806723
0.664772727273
0.76
0.73
0.74025974026
0.713768115942
0.766798418972
0.857894736842
0.983333333333
1.5
1.0
0.955555555556
0.945454545455
0.725
0.721052631579
0.700854700855
0.689655172414
0.688172043011
0.72183908046
0.733990147783
0.711822660099
0.670967741935
0.696774193548
0.661538461538
0.655510204082
0.668064290706
0.636612021858
0.587577639752
0.580538302277
0.594405594406
0.64699006429
0.665108123904
0.669199298656
0.69696969697
0.675052410901
0.65233785822
0.663120567376
0.625850340136
0.609411764706
0.600784313725
0.630319148936
0.630519480519
0.681790683606
0.704861111111
0.699391171994
0.665232358003
0.673109243697
0.711111111111
0.691154863356
0.680869820746
0.658235471244
0.628086419753
0.612365790448
0.594246031746
0.653535353535
0.67131242741
0.665505226481
0.631078224101
0.61310782241
0.589852008457
0.612820512821
0.619433198381
0.609986504723
0.601889338731
0.654188948307
0.710344827586
0.719576719577
0.735177865613
0.70652173913
0.75
0.800865800866
0.919117647059
1.2
1.14285714286
1.14285714286
0.820512820513
0.735294117647
0.72380952381
0.744615384615
0.716748768473
0.657754010695
0.683712121212
0.695564516129
0.740740740741
0.709359605911
0.733333333333
0.655391120507
0.66431372549
0.645989974937
0.623479640402
0.604326923077
0.600102406554
0.597718253968
0.660012099214
0.701298701299
0.685420447671
0.712089447939
0.656382335148
0.668174962293
0.657142857143
0.630952380952
0.627053140097
0.628964059197
0.66334440753
0.674645390071
0.677922077922
0.716384180791
0.738461538462
0.676728334956
0.686392405063
0.704641350211
0.734414414414
0.695228821811
0.673513513514
0.647619047619
0.625704045059
0.622857142857
0.646153846154
0.690476190476
0.674253200569
0.670715249663
0.653846153846
0.628339140534
0.644871794872
0.694117647059
0.739919354839
0.612685560054
0.648739495798
0.691532258065
0.683870967742
0.655172413793
0.608870967742
0.68660968661
0.770750988142
0.895424836601
1.4
0.928571428571
0.888888888889
0.848484848485
0.772058823529
0.687747035573
0.738461538462
0.803076923077
0.709677419355
0.676136363636
0.689516129032
0.665322580645
0.666666666667
0.660660660661
0.698781838317
0.680995475113
0.686502177068
0.642314436002
0.610382513661
0.617664851785
0.64406779661
0.692929292929
0.704377104377
0.704377104377
0.670296430732
0.65664160401
0.646464646465
0.651428571429
0.684989429175
0.673170731707
0.629014396456
0.689900426743
0.686600221484
0.705098039216
0.704887218045
0.763460375076
0.737222976029
0.728090766823
0.704210526316
0.721931589537
0.701193520887
0.707344632768
0.677793904209
0.640957446809
0.575845410628
0.650623885918
0.642958748222
0.701587301587
0.727731092437
0.732773109244
0.636469221835
0.672064777328
0.754032258065
0.807881773399
0.63963963964
0.630158730159
0.71724137931
0.714942528736
0.701149425287
0.657258064516
0.670967741935
0.726495726496
0.787878787879
0
1.3
1.04761904762
0.893939393939
0.72514619883
0.747368421053
0.768115942029
0.727513227513
0.6875
0.657754010695
0.690322580645
0.691954022989
0.694581280788
0.65991902834
0.685990338164
0.702857142857
0.69532428356
0.692307692308
0.652690426275
0.651669085631
0.678114478114
0.724705882353
0.726274509804
0.696661828737
0.665993265993
0.643506493506
0.613636363636
0.640306122449
0.675526024363
0.686909581646
0.672830725462
0.650472334683
0.681511470985
0.661424606846
0.706636500754
0.771407837446
0.73681515617
0.71509054326
0.713615023474
0.727725011307
0.724310776942
0.745243128964
0.728307254623
0.708333333333
0.677419354839
0.664367816092
0.645276292335
0.666666666667
0.646423751687
0.714285714286
0.674253200569
0.683183183183
0.772413793103
0.76354679803
0.640151515152
0.65376344086
0.732804232804
0.703225806452
0.70752688172
0.709677419355
0.741379310345
0.748677248677
0.818181818182
0
0
0.964285714286
0.868131868132
0.710526315789
0.736842105263
0.747035573123
0.750769230769
0.66935483871
0.671370967742
0.73544973545
0.706349206349
0.665024630542
0.704125177809
0.708245243129
0.711734693878
0.744680851064
0.674891146589
0.656862745098
0.634992458522
0.702380952381
0.741905642923
0.746859903382
0.721554116559
0.688251618871
0.647959183673
0.623299319728
0.620289855072
0.645760743322
0.655870445344
0.624831309042
0.64126984127
0.679365079365
0.694167852063
0.69696969697
0.730612244898
0.70054446461
0.679067460317
0.690710382514
0.692549019608
0.673170731707
0.706439393939
0.733333333333
0.704433497537
0.726153846154
0.733333333333
0.763333333333
0.708045977011
0.700757575758
0.729838709677
0.727822580645
0.666666666667
0.696551724138
0.679802955665
0.643874643875
0.706666666667
0.7150997151
0.688172043011
0.705376344086
0.751231527094
0.76455026455
0.803333333333
0.838095238095
0
0
1.5
0.935897435897
0.748538011696
0.74269005848
0.704761904762
0.707692307692
0.703703703704
0.685057471264
0.692118226601
0.710769230769
0.641025641026
0.708708708709
0.767881241565
0.743128964059
0.718085106383
0.67269984917
0.637155297533
0.598431372549
0.64804964539
0.686868686869
0.719822812846
0.696617336152
0.692389006342
0.670707070707
0.646464646465
0.684210526316
0.704761904762
0.656156156156
0.643697478992
0.687356321839
0.70197044335
0.689393939394
0.697478991597
0.697435897436
0.72203765227
0.744939271255
0.707661290323
0.706896551724
0.665024630542
0.698412698413
0.679894179894
0.692307692308
0.666666666667
0.655270655271
0.766798418972
0.679894179894
0.701058201058
0.852813852814
0.74358974359
0.660098522167
0.643874643875
0.701298701299
0.679841897233
0.735930735931
0.724637681159
0.671957671958
0.706349206349
0.706896551724
0.737891737892
0.775362318841
0.897058823529
0
0
0
1.01818181818
0.715789473684
0.758169934641
0.690058479532
0.719047619048
0.71
0.729230769231
0.710769230769
0.696666666667
0.633333333333
0.720430107527
0.718349928876
0.735191637631
0.677304964539
0.619147449336
0.607088989442
0.562925170068
0.563285024155
0.573979591837
0.657505285412
0.703832752613
0.714285714286
0.690274841438
0.654949121184
0.632747456059
0.702702702703
0.70944741533
0.747126436782
0.732307692308
0.703333333333
0.757246376812
0.713333333333
0.692307692308
0.735930735931
0.731578947368
0.771241830065
0.72514619883
0.719047619048
0.692028985507
0.721014492754
0.774891774892
0.748917748918
0.603448275862
0.715415019763
0.715415019763
0.622988505747
0.746376811594
0.750988142292
0.70652173913
0.709956709957
0.709523809524
0.7
0.736842105263
0.801169590643
0.794736842105
0.667692307692
0.646723646724
0.693333333333
0.812865497076
0.987179487179
0
0
3.0
1.01515151515
0.705263157895
0.660079051383
0.742647058824
0.758169934641
0.714285714286
0.728260869565
0.731884057971
0.719367588933
0.680952380952
0.701058201058
0.734848484848
0.718349928876
0.655555555556
0.607088989442
0.591836734694
0.661268556005
0.65
0.608979591837
0.649822695035
0.675300647549
0.721987315011
0.72621564482
0.685476410731
0.643707482993
0.700348432056
0.714714714715
0.735887096774
0.664516129032
0.683794466403
0.694736842105
0.751633986928
0.783333333333
0.780952380952
0.716666666667
0.752380952381
0.7
0.72380952381
0.731601731602
0.667692307692
0.757575757576
0.707509881423
0.633846153846
0.699604743083
0.692028985507
0.699275362319
0.719367588933
0.711462450593
0.752380952381
0.733333333333
0.726315789474
0.764705882353
0.764705882353
0.758169934641
0.816176470588
0.690476190476
0.616666666667
0.714285714286
0.823529411765
1.04545454545
0
0
0
1.03636363636
0.777777777778
0.81045751634
0.736842105263
0.764705882353
0.731578947368
0.684782608696
0.711462450593
0.691699604743
0.670995670996
0.719367588933
0.655241935484
0.672672672673
0.635307781649
0.604070305273
0.644518272425
0.632850241546
0.655874190564
0.636429608128
0.647314949202
0.681632653061
0.714153561517
0.702127659574
0.678367346939
0.687056737589
0.673450508788
0.675526024363
0.702702702703
0.690322580645
0.671936758893
0.684210526316
0.775
0.725490196078
0.727941176471
0.783333333333
0.771241830065
0.784210526316
0.757575757576
0.795238095238
0.727272727273
0.692028985507
0.699604743083
0.652307692308
0.692028985507
0.748917748918
0.748917748918
0.703557312253
0.699604743083
0.718614718615
0.752631578947
0.745098039216
0.725
0.716666666667
0.758333333333
0.838095238095
0.719298245614
0.7
0.733333333333
0.789473684211
0.945054945055
0
0
0
0
0.885714285714
0.860294117647
0.777777777778
0.731578947368
0.790849673203
0.726315789474
0.704761904762
0.675889328063
0.679841897233
0.692028985507
0.68660968661
0.689516129032
0.668168168168
0.650406504065
0.640579710145
0.678787878788
0.661103047896
0.642857142857
0.677441077441
0.661952861953
0.626534190532
0.597567424643
0.582181259601
0.594350282486
0.643686502177
0.650612244898
0.672304439746
0.678678678679
0.686153846154
0.666666666667
0.779411764706
0.794117647059
0.841666666667
0.825
0.704761904762
0.715415019763
0.779220779221
0.717391304348
0.699275362319
0.691699604743
0.744588744589
0.753246753247
0.74025974026
0.731601731602
0.722943722944
0.722943722944
0.691699604743
0.72380952381
0.760233918129
0.847619047619
0.713235294118
0.783333333333
0.8
0.757352941176
0.732026143791
0.74269005848
0.757894736842
0.783625730994
0.945054945055
0
0
0
0
1.06666666667
0.942857142857
0.773684210526
0.728571428571
0.721052631579
0.78431372549
0.680952380952
0.719047619048
0.683794466403
0.771428571429
0.706666666667
0.677419354839
0.645645645646
0.65
0.672304439746
0.679000925069
0.679487179487
0.672727272727
0.698812019567
0.708272859216
0.670779220779
0.671428571429
0.606557377049
0.590163934426
0.643686502177
0.700483091787
0.741463414634
0.744744744745
0.719696969697
0.677536231884
0.689473684211
0.701754385965
0.779411764706
0.786764705882
0.685714285714
0.727272727273
0.785714285714
0.715415019763
0.643333333333
0.709523809524
0.794736842105
0.830409356725
0.752631578947
0.736842105263
0.714285714286
0.747368421053
0.803921568627
0.726315789474
0.72514619883
0.742647058824
0.777777777778
0.747368421053
0.795321637427
0.777777777778
0.709523809524
0.675889328063
0.703557312253
0.818713450292
0.916666666667
0
0
0
0
0
0.846153846154
0.783625730994
0.69696969697
0.731578947368
0.7
0.65367965368
0.747368421053
0.691699604743
0.748917748918
0.713768115942
0.746376811594
0.667338709677
0.661450924609
0.667828106852
0.644503546099
0.688829787234
0.710884353741
0.71137254902
0.75
0.806060606061
0.766882516189
0.677793904209
0.642424242424
0.691026827012
0.805120910384
0.835294117647
0.860887096774
0.802298850575
0.746376811594
0.72514619883
0.742647058824
0.720588235294
0.713235294118
0.675324675325
0.709956709957
0.757142857143
0.679841897233
0.786764705882
0.72514619883
0.83660130719
0.830065359477
0.710526315789
0.884615384615
0.846153846154
0.757352941176
0.825
0.772058823529
0.725490196078
0.745098039216
0.738095238095
0.77619047619
0.717391304348
0.779220779221
0.680911680912
0.650246305419
0.73
0.852631578947
0.926470588235
0
0
0
0
0
1.33333333333
0.833333333333
0.858333333333
0.747368421053
0.705627705628
0.679653679654
0.728571428571
0.695652173913
0.715415019763
0.699275362319
0.686666666667
0.687830687831
0.646031746032
0.623477297896
0.642424242424
0.641998149861
0.68270120259
0.697695035461
0.741905642923
0.772946859903
0.816168327796
0.751690821256
0.753774680604
0.740243902439
0.77667140825
0.761024182077
0.779831932773
0.714015151515
0.728260869565
0.764705882353
0.809523809524
0.708333333333
0.8
0.790849673203
0.773684210526
0.72380952381
0.660079051383
0.695906432749
0.707602339181
0.841666666667
0.794117647059
0.716666666667
0.782051282051
0.685714285714
0.704761904762
0.742857142857
0.686274509804
0.668421052632
0.701298701299
0.707692307692
0.685057471264
0.657196969697
0.673387096774
0.660984848485
0.659274193548
0.753846153846
0.839826839827
0.877192982456
0
0
0
0
1.66666666667
1.13333333333
1.10714285714
0.828571428571
0.78431372549
0.752380952381
0.663333333333
0.768421052632
0.687747035573
0.666666666667
0.699275362319
0.666666666667
0.68
0.681451612903
0.683183183183
0.687179487179
0.649048625793
0.669988925803
0.649275362319
0.690909090909
0.744444444444
0.750505050505
0.72802960222
0.677304964539
0.703832752613
0.75960170697
0.773015873016
0.76814516129
0.707661290323
0.727272727273
0.838095238095
0.846153846154
0.769230769231
0.764705882353
0.838235294118
0.768421052632
0.728571428571
0.721052631579
0.732026143791
0.742647058824
0.825
0.779411764706
0.712418300654
0.847619047619
0.847619047619
0.779411764706
0.794117647059
0.714285714286
0.678062678063
0.691954022989
0.711827956989
0.67731092437
0.702521008403
0.711229946524
0.714015151515
0.67201426025
0.751322751323
0.861471861472
0.977941176471
0
0
0
0
3.0
1.66666666667
0.8
0.813186813187
0.733333333333
0.699275362319
0.727272727273
0.714285714286
0.659420289855
0.67
0.70652173913
0.693333333333
0.649572649573
0.635080645161
0.687394957983
0.767045454545
0.719772403983
0.711201079622
0.690243902439
0.634343434343
0.671247357294
0.678646934461
0.651360544218
0.65737514518
0.720797720798
0.77619047619
0.852941176471
0.754385964912
0.775
0.879120879121
0.813186813187
0.848484848485
0.794871794872
0.8
0.705263157895
0.726315789474
0.748538011696
0.786764705882
0.718954248366
0.718954248366
0.738562091503
0.707602339181
0.719298245614
0.74269005848
0.78431372549
0.766081871345
0.768421052632
0.731884057971
0.722222222222
0.67803030303
0.700534759358
0.714285714286
0.709523809524
0.7
0.67619047619
0.641141141141
0.724137931034
0.852813852814
0.941176470588
0
0
0
0
0
0
1.0
0.923076923077
0.77619047619
0.754940711462
0.7
0.691699604743
0.675324675325
0.736842105263
0.805263157895
0.780952380952
0.692307692308
0.679802955665
0.703629032258
0.725378787879
0.75946969697
0.776515151515
0.723723723724
0.74024024024
0.673076923077
0.702521008403
0.664772727273
0.652173913043
0.809523809524
0.794871794872
0.818181818182
0.836363636364
0.933333333333
0.933333333333
0.757575757576
0.888888888889
0.820512820513
0.948717948718
0.866666666667
0.825
0.751633986928
0.808333333333
0.783333333333
0.705882352941
0.713450292398
0.721052631579
0.766081871345
0.736842105263
0.7
0.692640692641
0.70652173913
0.756666666667
0.77207977208
0.744827586207
0.733870967742
0.709243697479
0.678520625889
0.665718349929
0.690756302521
0.689393939394
0.752136752137
0.810276679842
0.888888888889
0
0
0
0
0
0
0
0.626780626781
0.703333333333
0.762845849802
0.761904761905
0.752631578947
0.801470588235
0.772058823529
0.833333333333
0.875
0.853801169591
0.863157894737
0.852813852814
0.869565217391
0.905797101449
0.9
0.825123152709
0.804435483871
0.669230769231
0.617948717949
0.679802955665
0.709523809524
0.838095238095
0.833333333333
0.866666666667
1.66666666667
1.09523809524
1.26666666667
1.0
0.928571428571
0.805555555556
0.909090909091
0.802197802198
0.780952380952
0.733333333333
0.761904761905
0.824175824176
0.8
0.668421052632
0.777777777778
0.731578947368
0.748538011696
0.771241830065
0.730994152047
0.77619047619
0.794466403162
0.806666666667
0.824615384615
0.668907563025
0.654654654655
0.67619047619
0.673015873016
0.675630252101
0.719540229885
0.773333333333
0.813852813853
1.00952380952
0
0
0
0
0
0.974358974359
0.8
0.69
0.696666666667
0.743083003953
0.731601731602
0.764705882353
0.809523809524
0.893939393939
1.13888888889
1.13333333333
0.914285714286
0.895424836601
0.923976608187
0.919047619048
0.930735930736
0.880434782609
0.854700854701
0.832183908046
0
0.577524893314
0.711462450593
0.671936758893
0.695238095238
0.884615384615
0.846153846154
0.852631578947
1.32142857143
0
1.26666666667
1.0
0.888888888889
1.04761904762
0.964285714286
0.911111111111
0.890909090909
0.794871794872
0.863636363636
0.807692307692
0.727941176471
0.738562091503
0.764705882353
0.934065934066
0.868131868132
0.824175824176
0.8
0.714285714286
0.710144927536
0.721014492754
0.648275862069
0.664516129032
0.665322580645
0.667338709677
0.714285714286
0.693121693122
0.72
0.805263157895
1.01515151515
0
0
0
0
1.33333333333
0.945054945055
0.966666666667
0.819047619048
0.766798418972
0.724637681159
0.646153846154
0.685714285714
0.847619047619
1.0
0
0
0
0
0
0
0
0
1.03157894737
0
0
0.766798418972
0.831168831169
0.723333333333
0.770750988142
0.842105263158
0.783333333333
0.84126984127
0
0
0
1.14285714286
0.909090909091
0.977777777778
0.890909090909
0.861111111111
0.781818181818
0.977777777778
0.977777777778
0.772727272727
0.833333333333
0.833333333333
0.75
0.871794871795
0.769230769231
0.844444444444
0.818181818182
0.893939393939
0.857142857143
0.828571428571
0.715789473684
0.705627705628
0.669515669516
0.680911680912
0.758893280632
0.731884057971
0.830065359477
0.912087912088
1.04444444444
0
0
0
3.0
1.6
0.8
0.869281045752
0.727272727273
0.724637681159
0.723320158103
0.703557312253
0.830065359477
0.978021978022
1.42857142857
0
0
0
0
0
0
0
0
0
0
0
0
0.805418719212
0.719696969697
0.709523809524
0.727272727273
0.869458128079
0.934472934473
0.956666666667
0
0
0
0
1.46666666667
1.02222222222
0.818181818182
0.944444444444
0.866666666667
0.888888888889
0.781818181818
0.916666666667
0.972222222222
0.80303030303
0.854545454545
0.8
0.888888888889
0.844444444444
0.818181818182
0.833333333333
0.939393939394
0.819047619048
0.808823529412
0.757894736842
0.667984189723
0.683982683983
0.764705882353
0.718954248366
0.846153846154
1.14285714286
0
0
0
0
0
0
0.845588235294
0.812865497076
0.784210526316
0.794736842105
0.862745098039
0.971428571429
1.0303030303
0
0
0
0
0
0
0
0
0
0
0
0
0
0.791397849462
0.736134453782
0.725641025641
0.762446657183
0.820168067227
0.94708994709
0
0
0
0
0
0
0
0.977777777778
0.78021978022
0.8
0.871794871795
0.782051282051
0.888888888889
0.888888888889
0.861111111111
1.03571428571
0.8
0.872727272727
0.758241758242
0.927272727273
0.78021978022
0.807692307692
0.7
0.654970760234
0.672514619883
0.657894736842
0.901098901099
0.912087912088
0.846153846154
0.878787878788
1.05555555556
0
0
0
0
0
1.26666666667
0.782051282051
0.761904761905
0.766666666667
0.828571428571
0.961538461538
1.09090909091
0
0
0
0
0
0
0
0
0
0
0
0
0
0
0.809195402299
0.80303030303
0.75533428165
0.78978978979
0.848484848485
0.974358974359
0.966153846154
3.0
0
0
0
0
0
0
0.977777777778
1.07272727273
1.04545454545
1.0303030303
0.893939393939
0.8
0.964285714286
0.861111111111
0.909090909091
0.884615384615
0.783333333333
0.819047619048
0.741666666667
0.713235294118
0.819047619048
0.816666666667
0.786764705882
0.742647058824
0.720588235294
0.780952380952
0.78021978022
1.0
1.4
0
0
0
3.0
1.83333333333
0.972222222222
0.924242424242
0.858974358974
0.75641025641
0.888888888889
1.06666666667
0
0
0
0
0
0
0
0
0
0
0
0
0
0
0
0.995670995671
0.880952380952
0.845977011494
0.83025210084
0.905376344086
0.996923076923
0
1.33333333333
2.0
0
0
0
0
0
0
1.6
1.16666666667
0.761904761905
0.857142857143
0.933333333333
1.03571428571
0.822222222222
0.911111111111
0.780952380952
0.791666666667
0.742647058824
0.742647058824
0.8
0.8
0.841666666667
0.779411764706
0.791666666667
0.846153846154
0.909090909091
0.80303030303
0.8
1.26666666667
0
0
0
0
0
0.889705882353
0.861660079051
0.869458128079
0.839901477833
0.756666666667
0.883333333333
0.964285714286
3.0
0
0
0
0
0
0
0
0
0
0
0
0
0
1.00584795322
0.936842105263
0.8125
0.903225806452
0.993846153846
0.987692307692
1.04093567251
3.0
1.66666666667
1.2
1.4
0
1.66666666667
1.26666666667
1.26666666667
1.83333333333
0
1.3
1.3
0.892857142857
0.861111111111
1.09523809524
0.888888888889
0.769230769231
0.846153846154
0.727941176471
0.732026143791
0.75
0.707602339181
0.751633986928
0.725490196078
0.672514619883
0.813186813187
0.833333333333
0.833333333333
0.75641025641
1.07142857143
0
0
0
0
0
0
0.895798319328
0.851351351351
0.87987987988
0.764227642276
0.728205128205
0.893333333333
0.853754940711
0
0
0
0
0
0
0
0
0
0
0
0
0
0.933333333333
0.909090909091
0.736263736264
0.886666666667
0
0
0
0
0
1.4
1.2
0.952380952381
0.964285714286
0.964285714286
0.964285714286
1.3
0
1.66666666667
1.3
0
1.3
1.0
1.0
0.787878787879
0.833333333333
0.790476190476
0.718954248366
0.732026143791
0.694736842105
0.858333333333
0.825
0.8
0.741666666667
0.78021978022
0.893939393939
0.846153846154
1.04444444444
0
0
0
0
0
0
0.870707070707
0.894736842105
0.869918699187
0.767857142857
0.726244343891
0.769512195122
0.841379310345
0.878787878788
1.08333333333
3.0
3.0
0
0
0
0
0
0
0
0
0
1.0
1.05454545455
0.879120879121
0.884615384615
1.25
0
0
0
0
0
0
0.857142857143
0
0.888888888889
0.952380952381
1.66666666667
0
0
1.5
0
0
1.2
0.861111111111
0.772727272727
0.794871794872
0.846153846154
0.705882352941
0.695906432749
0.705263157895
0.797385620915
0.790849673203
0.72514619883
0.698529411765
0.833333333333
0.824175824176
0.858974358974
1.02222222222
0
0
0
0
0
0
0.871415356152
0.853839037928
0.821176470588
0.785921625544
0.705989110708
0.787414965986
0.855462184874
0.9
1.25
3.0
3.0
3.0
1.66666666667
3.0
0
0
0
0
0
0
0.939393939394
0.775
0.742647058824
1.0
0
0
0
0
0
0
1.4
0.933333333333
0.890909090909
0.890909090909
0.972222222222
0
0
0
0
1.66666666667
0
1.2
1.0
0.763636363636
0.888888888889
0.833333333333
0.791208791209
0.712418300654
0.801470588235
0.830882352941
0.875
0.794117647059
0.766666666667
0.807692307692
0.758241758242
0.863636363636
1.10714285714
0
0
0
0
0
0.851063829787
0.859929078014
0.846088435374
0.825791855204
0.782491582492
0.787561146052
0.780392156863
0.840840840841
0.898550724638
1.38095238095
0
0
0
0
0
0
0
0
0
0
1.28571428571
0.871794871795
0.65367965368
0.772058823529
0.935897435897
0.977777777778
0
0
0
0
0
1.03636363636
0.857142857143
0.825
0.766666666667
0.924242424242
1.4
0
0
1.66666666667
0.952380952381
1.2
1.0
1.0
0.964285714286
1.04761904762
1.0
0.977777777778
0.714285714286
0.713235294118
0.701754385965
0.868131868132
0.780952380952
0.791208791209
0.933333333333
0.888888888889
1.09523809524
1.33333333333
0
0
0
0
0
0.858156028369
0.898520084567
0.890841813136
0.845490196078
0.829562594268
0.819004524887
0.845410628019
0.840840840841
0.792022792023
0
0
0
0
0
0
0
0
3.0
0
0
0.846153846154
0.713450292398
0.680952380952
0.801470588235
0.954545454545
0.972222222222
1.66666666667
0
0
0
0
0.942857142857
1.0
0.895238095238
0.707602339181
0.764705882353
0.783333333333
0.835164835165
0.972222222222
0.916666666667
0.866666666667
0.888888888889
0.964285714286
0.928571428571
1.09523809524
1.4
0
1.0
0.872727272727
0.769230769231
0.782051282051
0.848484848485
0.890909090909
0.8
0.8
1.19047619048
1.2380952381
1.46666666667
0
0
0
0
0
0.878787878788
0.928205128205
0.913319238901
0.828235294118
0.863475177305
0.908033826638
0.831836734694
0
0.974358974359
1.66666666667
0
0
0
0
0
0
0
0
1.33333333333
1.0
0.847619047619
0.690476190476
0.783625730994
0.875
0
0
2.0
0
0
0
1.17777777778
1.02564102564
0.942857142857
0.883333333333
0.72514619883
0.738562091503
0.764705882353
0.838095238095
0.802197802198
0.863636363636
0.872727272727
0.944444444444
0.892857142857
1.2
1.2
0
0
1.26666666667
0.972222222222
0.944444444444
1.0
0.964285714286
1.03571428571
0.861111111111
1.04761904762
1.10714285714
1.46666666667
1.6
0
0
0
0
0
0.936134453782
0.961290322581
0.959459459459
0.934146341463
0.931707317073
0.8911205074
0
0
0
0
0
0
0
0
0
0
0
0
0
1.08333333333
0.897435897436
0.742105263158
0.683794466403
0.808823529412
0
0
0
0
0
0
1.22222222222
1.10909090909
1.10909090909
0
0
0.766666666667
0.764705882353
0.757352941176
0.780952380952
1.0
1.17857142857
0.928571428571
1.13333333333
0
2.0
0
0
1.03571428571
0.818181818182
0.944444444444
0.844444444444
0
0.952380952381
1.26666666667
1.06666666667
3.0
0
0
0
0
0
0
0.908496732026
0.893280632411
1.04285714286
0.951612903226
0.834412580944
0.791020408163
0.722479185939
0
0
0
0
0
0
0
0
0
0
0
0
0.911111111111
0.933333333333
0.846153846154
0.705263157895
0.742857142857
0.92380952381
0.987179487179
0
0
0
0
0
1.26666666667
0
0
0
1.17857142857
0.846153846154
0.809523809524
0.733333333333
0.927272727273
1.08333333333
1.04761904762
1.0
1.09523809524
1.4
0
0
0
1.08333333333
0.863636363636
0.782051282051
0.963636363636
1.05555555556
1.3
1.66666666667
0
0
0
0
0
0
0
0
1.09523809524
1.09523809524
1.06666666667
0
0
0
1.04761904762
3.0
0
0
0
0
0
0
0
0
0
0
1.14545454545
1.04545454545
0.967032967033
0.631578947368
0.764705882353
0.719047619048
0.709956709957
0.860294117647
0.934065934066
0
0
0
0
3.0
0
0
1.6
1.05555555556
0.820512820513
0.752380952381
0.791208791209
0.895238095238
0
0.857142857143
1.13333333333
1.26666666667
1.13333333333
0
0
0
1.17857142857
0.963636363636
0.771428571429
1.05454545455
1.01818181818
0
0
0
0
0
0
0
0
0
0
1.83333333333
1.5
1.5
0
0
0
0
0
0
0
0
0
0
0
0
0
0
0
0
1.02197802198
0.897058823529
0.780952380952
0.701754385965
0.74269005848
0.719047619048
0.72380952381
0.85
0.974358974359
1.28571428571
0
0
0
0
0
1.46666666667
0.911111111111
0.787878787879
0.647619047619
0.773684210526
0.933823529412
0.955882352941
0.925
0.604761904762
1.04444444444
1.26666666667
0
0
0
0.977777777778
0.846153846154
0.735294117647
1.01515151515
1.0
0
0
0
0
0
0
0
0
0
0
3.0
3.0
0
0
0
0
0
1.83333333333
1.83333333333
0
0
0
0
0
0
0
0
0
0
0.980952380952
0.821052631579
0.779220779221
0.761904761905
0.719298245614
0.771241830065
0.78431372549
0.736842105263
0.866666666667
1.0303030303
0
0
0
0
0
0
1.04761904762
0.854545454545
0.690476190476
0.757575757576
0.883040935673
0.847368421053
0.860294117647
0.777777777778
0
0.923076923077
0
0
1.83333333333
0
0.72380952381
0.8
0.884615384615
0
0
0
0
0
0
0
0
0
0
0
0
1.83333333333
0
0
0
0
0
1.83333333333
1.3
0
0
0
0
0
0
0
0
0
0
0.95
0.895424836601
0.859649122807
0.804761904762
0.865497076023
0.705263157895
0.808333333333
0.718954248366
0.745098039216
0.984848484848
1.19444444444
0
0
0
0
1.5
1.5
0.888888888889
0
0.771929824561
0.842105263158
0.842105263158
0.666666666667
0.860294117647
0.897058823529
1.0
0
2.0
0
0
0.893939393939
0.857142857143
1.0
1.6
0
0
0
0
0
0
0
0
0
0
0
1.3
1.83333333333
0
0
0
0
0
1.66666666667
0
0
0
0
0
0
0
0
0
0
1.0
0
0.847368421053
0.941176470588
0.901960784314
0.942857142857
0.809523809524
0.835164835165
0.820512820513
0.893939393939
0.933333333333
1.06666666667
1.5
1.66666666667
1.66666666667
1.1
1.3
0
0
1.07575757576
1.03296703297
0.933333333333
0.705882352941
0.882352941176
1.0
1.06593406593
1.0
0.945454545455
0
0
1.0
1.04444444444
1.13888888889
0
0
0
0
0
0
0
0
0
0
0
0
3.0
1.83333333333
0
0
0
0
0
3.0
0
0
0
0
0
0
0
0
0
0
0
1.15555555556
0.908496732026
0.95
0.901960784314
1.03296703297
1.0303030303
1.0
1.17857142857
1.07142857143
1.2
1.83333333333
1.5
0
1.66666666667
1.66666666667
1.5
0
1.6
0
1.04545454545
1.07272727273
1.17857142857
1.09090909091
1.0641025641
1.16666666667
1.22222222222
0
0
0
2.0
1.66666666667
0
0
0
0
0
0
0
0
