0
0
0
0
0
0
0
0
0
0
0
0
0
0
0
0
10
11
21
31
31
34
39
48
52
58
63
62
61
57
56
56
57
56
61
60
61
61
57
53
49
42
40
32
28
28
33
34
32
31
30
27
26
23
19
22
22
22
23
23
20
16
10
0
0
0
0
0
0
0
0
0
0
0
0
0
0
19
22
23
24
33
38
43
49
54
61
66
69
72
71
70
71
70
67
68
66
67
76
74
71
65
58
54
51
40
35
39
43
41
39
38
35
32
30
31
29
25
27
26
27
27
25
23
20
17
0
0
0
0
0
0
0
0
0
0
0
0
0
25
23
29
30
31
40
51
55
63
66
71
77
80
85
83
84
83
83
77
75
74
79
85
81
74
65
61
61
53
38
41
48
51
44
43
42
40
34
32
33
31
29
30
30
31
34
31
27
24
19
0
0
0
0
0
0
0
0
0
0
0
0
0
28
31
35
37
42
49
60
68
71
76
79
88
93
95
97
96
96
91
84
81
83
87
94
84
79
70
66
66
50
44
43
51
57
50
48
48
44
38
35
30
29
30
33
32
32
38
38
30
25
18
0
0
0
0
0
0
0
0
0
0
0
0
25
31
36
43
47
49
62
73
76
78
85
91
100
104
106
108
108
106
98
91
92
96
106
95
85
81
76
76
67
47
46
43
50
60
60
55
51
48
45
41
33
28
27
29
30
30
33
33
28
23
19
0
0
0
0
0
0
0
0
0
0
15
27
31
40
45
50
61
65
78
82
83
84
90
97
105
107
111
118
114
111
107
104
110
116
112
98
89
85
78
76
55
46
46
43
54
58
61
59
52
48
50
45
32
30
29
28
28
29
30
31
28
23
18
0
0
0
0
0
0
0
0
0
0
20
22
37
48
52
58
63
75
84
87
84
89
95
101
103
105
113
118
118
117
116
121
129
125
115
101
90
84
80
70
47
46
47
46
52
56
58
60
54
43
41
41
35
32
31
31
30
31
30
30
25
22
18
0
0
0
0
0
0
0
0
0
0
24
30
42
54
53
60
68
79
90
93
90
94
99
103
109
107
118
121
122
123
123
131
142
129
109
94
85
82
74
57
46
48
52
52
56
56
52
53
54
44
41
37
34
31
28
27
26
23
24
27
26
19
14
0
0
0
0
0
0
0
0
0
0
26
34
48
55
59
63
69
84
91
93
96
98
100
103
111
114
122
121
118
119
129
134
137
126
97
85
78
71
63
45
43
47
52
51
54
51
48
50
51
47
40
38
35
30
24
24
24
23
23
27
25
19
13
0
0
0
0
0
0
0
0
0
27
32
43
53
59
61
65
74
80
86
86
94
97
101
111
116
122
121
118
116
115
127
134
138
119
94
77
68
62
52
44
41
41
46
53
55
46
44
46
51
47
36
34
32
27
26
24
24
24
26
25
24
18
13
0
0
0
0
0
0
0
0
19
29
31
51
58
58
66
66
73
78
78
82
87
96
102
116
118
125
124
121
113
114
127
138
129
124
99
78
65
56
49
47
40
34
34
39
51
42
36
40
44
40
35
35
33
30
26
29
22
21
22
22
20
17
13
0
0
0
0
0
0
0
15
22
29
46
55
56
62
63
70
68
67
69
78
85
99
105
116
118
120
123
122
117
119
131
136
131
124
107
94
72
60
45
48
45
39
34
35
40
36
38
39
39
39
37
39
34
28
26
25
23
21
23
21
20
18
13
0
0
0
0
0
0
0
20
28
36
43
50
56
60
67
66
64
59
62
69
82
100
112
115
117
118
126
127
131
136
138
140
131
118
114
102
64
52
45
45
53
51
44
42
35
42
44
41
41
45
45
41
40
33
30
31
23
22
23
21
20
17
12
0
0
0
0
0
0
0
25
29
37
43
46
55
56
66
63
57
59
64
74
83
96
106
111
118
123
134
140
143
139
136
136
125
114
100
76
54
52
48
49
50
52
49
48
45
44
44
40
40
47
45
43
39
36
32
32
29
26
26
23
22
18
13
0
0
0
0
0
0
19
23
31
37
44
47
52
54
57
57
49
56
64
77
85
91
104
110
121
132
144
144
139
129
124
119
110
96
85
66
49
53
57
54
49
53
52
51
47
46
44
43
45
46
45
43
40
38
38
35
30
28
26
25
22
18
13
0
0
0
0
0
0
20
24
28
36
42
46
49
51
53
50
49
54
64
78
82
86
104
120
130
136
140
134
127
118
113
105
97
84
72
55
50
55
60
56
54
52
52
50
48
46
44
42
43
45
44
42
39
39
38
34
30
29
32
31
25
19
14
0
0
0
0
0
0
20
24
32
39
40
45
43
47
45
45
48
57
65
73
77
87
105
132
133
133
137
124
114
108
103
99
92
78
66
53
54
58
63
63
63
54
49
52
47
46
41
44
43
41
45
48
40
40
35
33
31
27
27
26
22
19
14
0
0
0
0
0
0
23
24
31
35
35
40
42
42
43
41
49
58
67
73
77
88
112
124
129
130
126
115
106
95
93
89
84
79
71
56
60
65
73
72
67
59
55
51
49
48
44
40
39
39
43
49
44
41
38
36
34
30
29
27
26
21
14
0
0
0
0
0
20
22
25
27
31
32
34
39
39
36
40
46
61
68
72
78
88
111
116
117
121
120
109
99
84
71
68
75
76
75
63
60
73
76
76
67
63
59
57
57
50
44
40
37
37
38
39
39
37
35
33
33
34
32
29
29
20
13
0
0
0
0
23
23
25
28
30
30
30
32
36
34
37
42
50
60
70
68
77
89
108
102
105
106
106
101
88
68
54
58
69
71
62
62
69
74
72
72
74
73
68
64
60
51
44
42
36
35
33
29
32
33
28
29
33
32
32
28
26
20
16
0
0
0
20
20
20
25
31
33
29
30
33
34
34
36
45
55
63
66
70
78
95
100
100
96
99
93
86
79
61
55
53
57
67
63
68
71
79
79
80
79
79
72
67
62
48
42
42
39
38
35
32
34
37
33
29
30
32
31
28
25
22
15
0
0
0
19
17
20
28
33
30
27
31
30
30
33
37
46
56
61
61
68
76
84
97
88
92
91
90
75
63
60
53
57
61
62
63
69
77
84
88
90
83
78
70
64
57
50
49
46
44
47
44
37
35
36
32
28
27
28
26
25
25
22
15
0
0
0
14
14
23
29
26
27
28
29
29
30
32
34
46
57
59
63
68
77
76
81
90
87
93
87
66
58
57
55
54
60
64
74
78
80
89
91
90
86
78
70
67
58
53
49
46
43
43
41
37
34
31
28
29
27
23
23
24
23
20
18
0
0
0
10
13
19
22
25
27
28
29
30
28
31
36
48
56
58
68
70
74
70
70
74
61
64
64
59
56
58
54
57
57
64
71
80
88
90
94
99
90
83
80
73
61
52
43
44
38
37
36
33
33
31
32
32
31
25
21
25
24
20
18
0
4
12
10
13
18
25
28
30
29
30
29
30
30
38
46
55
60
70
72
71
63
63
64
59
60
56
51
51
53
53
55
59
61
71
82
88
90
92
91
90
85
83
80
68
54
44
44
44
43
41
36
34
39
35
33
26
25
22
24
23
20
16
4
8
10
11
16
20
27
29
31
30
29
29
31
31
40
50
54
61
70
70
66
59
59
59
55
54
52
48
49
51
51
48
56
58
64
73
84
85
81
83
83
82
81
74
64
45
42
42
44
44
44
40
39
39
39
34
30
28
23
24
24
22
17
6
7
8
13
17
21
26
29
34
33
32
28
29
30
44
51
57
62
65
63
64
58
56
58
54
58
52
50
49
46
44
43
48
56
60
65
79
80
79
75
79
75
70
63
50
40
36
38
39
40
42
40
35
32
39
35
32
31
30
32
27
23
18
5
8
10
12
17
23
26
26
31
33
32
32
31
37
43
52
53
59
61
58
59
55
55
55
58
57
55
50
44
41
43
38
43
51
57
58
67
72
76
71
69
60
53
48
46
34
38
36
35
35
42
39
32
29
37
36
30
30
30
32
31
27
22
0
5
7
12
19
20
24
28
32
34
31
30
29
39
46
50
52
53
54
53
55
51
51
53
55
56
56
49
43
39
38
39
39
47
52
53
63
71
72
67
57
44
38
33
31
30
34
36
39
35
38
37
30
29
33
31
28
31
31
31
29
28
22
0
0
8
14
20
20
23
26
32
32
28
28
29
38
44
49
47
53
52
52
49
47
46
47
47
49
49
46
42
39
39
36
36
38
45
50
58
64
61
51
41
33
30
29
26
25
25
30
33
32
32
34
30
29
27
25
27
31
31
29
28
25
21
0
0
4
13
19
19
21
26
28
30
29
26
27
37
39
44
48
52
53
51
48
45
43
44
44
45
45
39
36
37
35
30
29
33
35
40
43
39
32
29
29
28
28
27
27
27
23
28
28
22
27
29
27
22
23
22
24
28
28
29
27
24
17
0
0
0
11
20
18
19
21
25
26
26
25
25
31
38
42
48
54
52
49
46
49
44
42
42
44
47
47
38
34
30
26
25
24
25
26
22
20
18
19
21
24
24
22
22
29
23
23
30
24
23
24
22
21
21
20
19
20
26
27
25
19
13
0
0
2
12
20
23
17
18
22
24
24
23
21
28
33
38
45
52
49
39
41
50
48
47
44
44
47
49
42
37
32
31
23
20
18
16
15
16
15
20
21
22
26
22
23
26
23
24
24
23
23
21
21
20
17
17
18
17
21
25
22
18
12
0
0
0
11
18
18
19
18
20
24
23
23
22
23
32
37
42
47
43
46
47
53
53
50
47
48
50
48
47
43
37
31
23
19
16
18
17
16
18
20
22
21
23
24
23
26
24
22
22
23
23
22
20
18
16
16
16
15
19
21
21
19
14
0
0
0
0
15
17
19
20
18
20
21
23
23
24
27
32
37
42
46
45
53
57
55
55
59
62
63
60
53
50
44
37
26
21
17
17
16
16
21
23
22
24
24
23
22
22
22
22
22
22
23
21
19
15
17
16
16
17
18
19
20
19
14
0
0
0
0
10
15
20
21
20
18
21
21
23
21
25
31
37
41
44
47
52
55
54
53
56
56
62
62
53
46
41
37
33
24
20
19
17
17
21
22
21
23
25
21
20
19
20
20
21
20
18
20
19
17
18
20
19
19
21
23
23
19
16
0
0
0
0
0
14
19
22
20
21
22
20
23
22
24
24
32
38
42
48
48
49
51
49
45
47
53
55
47
38
35
32
30
24
19
17
17
17
22
22
21
23
17
19
18
18
20
13
14
17
16
17
18
18
21
21
24
22
27
29
25
20
17
0
0
0
0
0
6
13
16
20
22
22
21
23
23
24
25
28
36
43
45
47
47
48
47
46
43
46
42
41
38
38
35
33
24
18
15
16
16
18
20
21
23
19
19
16
17
16
13
15
15
15
18
20
22
26
30
33
32
33
32
26
22
19
0
0
0
0
3
6
8
15
18
21
25
20
23
25
24
25
25
32
37
40
44
43
46
45
45
45
47
48
42
38
36
32
32
22
15
13
14
17
17
20
21
20
18
17
16
17
18
15
15
17
17
22
27
30
31
35
35
34
33
34
28
22
17
0
0
0
0
2
4
10
14
21
24
23
22
24
25
24
25
27
32
35
33
38
39
41
45
44
44
49
42
27
21
17
19
16
14
14
12
13
16
20
20
19
17
18
18
18
19
19
19
18
19
20
24
28
33
34
35
36
36
36
37
29
22
18
0
0
0
0
0
0
8
14
21
23
25
23
22
20
20
21
26
29
32
33
33
33
37
37
40
35
33
24
15
13
11
11
10
10
12
10
13
13
15
16
18
16
16
18
19
20
19
20
21
22
24
25
27
30
32
35
38
38
35
33
27
23
18
0
0
0
0
0
0
0
27
25
23
22
20
17
17
16
17
19
20
22
24
24
25
29
32
40
40
29
21
15
13
10
4
7
6
7
8
9
11
14
15
16
15
14
15
20
18
20
19
18
19
21
23
25
26
35
37
36
36
35
30
25
22
15
0
0
0
0
0
13
20
25
25
23
22
18
15
12
9
10
15
18
19
21
22
24
27
30
0
38
23
23
21
13
14
20
8
1
6
8
10
7
8
10
11
13
12
13
17
18
18
14
14
14
16
21
24
24
30
31
32
32
29
28
25
20
12
0
0
0
0
7
14
16
21
23
24
26
21
15
11
0
0
0
0
0
0
0
0
20
0
0
23
22
25
23
19
25
28
0
0
0
7
11
10
11
9
11
10
10
12
12
13
16
13
13
10
11
12
14
15
20
22
27
27
23
24
18
14
10
0
0
0
2
5
16
18
23
24
23
23
18
14
7
0
0
0
0
0
0
0
0
0
0
0
0
29
33
36
34
29
27
25
0
0
0
0
6
10
12
9
10
10
11
9
9
12
11
11
9
10
12
13
12
15
17
20
23
22
18
18
13
8
0
0
0
0
0
0
17
19
20
20
18
15
12
0
0
0
0
0
0
0
0
0
0
0
0
0
31
35
40
38
35
28
0
0
0
0
0
0
0
10
14
15
13
13
9
9
9
8
11
11
14
11
14
13
16
19
19
20
14
14
14
12
9
0
0
0
0
0
6
13
15
16
15
13
11
0
0
0
0
0
0
0
0
0
0
0
0
0
0
30
33
38
37
34
27
26
2
0
0
0
0
0
0
10
11
12
12
12
11
8
9
11
13
16
15
16
17
15
16
17
17
17
15
14
9
6
0
0
0
2
4
9
12
13
13
9
6
0
0
0
0
0
0
0
0
0
0
0
0
0
0
0
22
28
30
35
31
26
0
4
3
0
0
0
0
0
0
5
9
15
14
10
8
10
10
15
16
17
17
16
16
16
17
16
14
12
12
11
6
0
0
0
0
0
17
23
29
29
25
16
8
2
0
0
0
0
0
0
0
0
0
0
0
0
0
19
20
32
31
26
26
19
2
4
6
5
0
4
6
6
4
0
5
5
8
9
7
9
14
14
17
18
17
19
18
18
19
14
13
12
13
8
0
0
0
0
0
0
35
37
37
42
40
25
23
0
0
0
0
0
0
0
0
0
0
0
0
0
15
11
14
25
0
0
0
0
0
5
6
7
8
8
8
5
0
4
5
0
5
7
8
12
13
15
18
18
20
16
16
16
16
14
12
13
10
0
0
0
0
0
0
45
39
42
49
52
41
30
22
9
2
2
0
0
0
0
0
0
0
0
0
10
11
14
13
8
0
0
0
0
0
0
8
0
9
7
3
0
0
4
0
0
5
9
12
13
13
17
19
20
18
18
19
17
13
14
13
10
0
0
0
0
0
0
47
47
51
53
58
49
35
21
9
2
2
2
3
2
0
0
0
0
0
0
12
16
17
12
0
0
0
0
0
0
5
10
11
11
9
0
0
0
0
3
0
5
7
11
10
12
14
18
17
17
16
17
16
13
14
12
8
0
0
0
0
0
48
48
49
52
55
54
51
37
24
7
0
0
0
0
0
0
0
0
0
0
7
13
22
17
13
10
0
0
0
0
0
11
15
16
16
12
6
0
0
4
7
6
7
7
8
7
8
10
15
17
19
14
15
14
10
10
7
6
0
0
0
0
0
48
44
47
51
52
52
46
37
27
0
0
0
0
0
0
0
0
2
0
0
14
19
21
17
12
9
4
0
0
0
0
15
14
15
19
17
16
14
9
9
10
9
8
8
7
5
0
9
11
13
13
12
11
11
10
7
7
6
0
0
0
0
0
45
40
44
51
48
44
50
0
13
3
0
0
0
0
0
0
0
0
4
10
15
21
19
16
0
0
3
0
0
0
10
13
15
16
19
18
18
15
14
12
11
9
8
6
6
0
0
6
9
9
8
8
8
9
7
8
6
5
0
0
0
0
0
35
31
37
41
41
44
0
0
0
1
0
0
0
0
0
0
0
0
0
9
13
20
23
17
0
0
0
0
0
0
9
11
11
0
0
16
18
17
15
10
8
8
6
0
3
0
0
8
11
9
10
0
7
6
6
2
0
0
0
0
0
0
18
23
21
32
47
50
47
0
0
0
0
0
0
0
0
0
0
0
0
10
10
13
20
21
15
13
0
0
0
0
0
6
0
0
0
8
13
15
16
11
9
7
7
7
5
0
0
0
9
12
13
11
9
5
4
0
0
0
0
0
0
0
0
7
7
10
0
0
0
7
2
0
0
0
0
0
0
0
0
0
0
11
12
14
19
17
21
22
17
14
0
0
0
0
2
0
0
5
9
13
15
14
15
0
15
6
6
6
0
0
0
8
11
15
11
11
0
0
0
0
0
0
0
0
0
0
4
5
5
0
0
0
1
1
0
0
0
0
0
0
0
0
0
0
0
14
17
21
19
19
21
21
16
13
8
0
0
0
0
0
6
10
12
21
20
17
17
16
21
10
6
0
0
0
10
13
17
12
12
0
0
0
0
0
0
0
0
0
0
2
2
0
0
0
0
0
4
4
0
0
0
0
0
0
0
0
0
0
15
20
22
22
19
18
18
19
15
12
0
0
0
0
0
0
7
11
21
22
19
20
17
19
0
14
0
0
4
0
15
16
13
0
0
0
0
0
0
0
0
0
0
0
0
4
0
0
0
0
0
4
5
0
0
0
0
0
0
0
0
0
0
16
18
19
21
19
20
16
18
18
12
9
0
0
0
0
5
5
9
0
19
20
20
21
17
17
15
0
3
0
0
12
14
11
5
0
0
0
0
0
0
0
0
0
0
0
5
4
0
0
0
0
0
3
0
0
0
0
0
0
0
0
0
0
14
0
20
17
18
15
15
14
13
12
10
6
4
4
4
5
5
0
0
12
14
15
18
17
15
14
15
11
0
0
9
10
9
0
1
0
0
0
0
0
0
0
0
0
0
2
4
0
0
0
0
0
2
0
0
0
0
0
0
0
0
0
0
0
10
18
16
18
14
12
10
8
8
6
4
4
0
4
4
4
0
5
0
12
11
8
11
13
12
10
0
0
0
3
4
0
0
0
0
0
0
0
0
