0
0
0
0
0
0
0
0
0
0
0
0
0
0
0
0
1.83333333333
1.19047619048
1.14285714286
1.10714285714
1.17857142857
1.01818181818
1.0
1.01818181818
1.0
0.963636363636
1.01818181818
1.01515151515
0.966666666667
0.884210526316
0.970588235294
1.0
1.0
1.4
1.3
1.4
1.0
1.01818181818
1.0303030303
1.0
0.963636363636
1.14285714286
1.09523809524
1.26666666667
1.26666666667
1.26666666667
1.26666666667
1.26666666667
1.26666666667
1.14285714286
1.14285714286
1.26666666667
1.26666666667
1.2
1.4
1.26666666667
1.26666666667
1.2
1.26666666667
1.19047619048
1.14285714286
1.09523809524
1.5
0
0
0
0
0
0
0
0
0
0
0
0
0
0
1.4
1.2
0.916666666667
0.933333333333
1.02777777778
0.836363636364
0.924242424242
0.868131868132
0.879120879121
0.824175824176
0.813186813187
0.809523809524
0.771929824561
0.770750988142
0.803333333333
0.851449275362
0.796536796537
0.883333333333
0.848484848485
0.833333333333
0.861111111111
1.0
0.858974358974
0.791666666667
0.833333333333
0.816666666667
0.846153846154
0.888888888889
0.888888888889
0.888888888889
0.888888888889
0.888888888889
0.861111111111
1.0
0.916666666667
0.944444444444
0.944444444444
0.916666666667
0.888888888889
0.916666666667
0.861111111111
0.888888888889
0.861111111111
1.09523809524
0.822222222222
0.944444444444
0.866666666667
0.916666666667
1.33333333333
0
0
0
0
0
0
0
0
0
0
0
0
0
1.4
0.964285714286
0.888888888889
0.944444444444
0.854545454545
0.836363636364
0.769230769231
0.780952380952
0.775
0.758333333333
0.705882352941
0.735294117647
0.715789473684
0.731884057971
0.73544973545
0.806153846154
0.724867724868
0.865497076023
0.846153846154
0.872727272727
0.836363636364
0.848484848485
0.747252747253
0.780952380952
0.742647058824
0.738562091503
0.772058823529
0.771428571429
0.866666666667
0.888888888889
0.888888888889
0.888888888889
0.888888888889
1.0
0.861111111111
0.888888888889
0.844444444444
0.844444444444
0.888888888889
0.916666666667
0.916666666667
0.916666666667
0.888888888889
0.964285714286
0.928571428571
1.0
0.916666666667
0.844444444444
0.888888888889
1.09523809524
0
0
0
0
0
0
0
0
0
0
0
0
0
0.866666666667
0.955555555556
0.972222222222
0.944444444444
0.8
0.866666666667
0.736263736264
0.725
0.718954248366
0.725490196078
0.745098039216
0.710526315789
0.778947368421
0.76
0.694623655914
0.716748768473
0.726153846154
0.766666666667
0.955555555556
0.818181818182
0.969696969697
0.871794871795
0.714285714286
0.857142857143
0.741666666667
0.790476190476
0.910256410256
0.794871794872
0.944444444444
0.916666666667
0.888888888889
0.861111111111
1.0
0.888888888889
0.888888888889
0.888888888889
0.888888888889
0.888888888889
0.888888888889
0.861111111111
1.03571428571
0.964285714286
0.861111111111
0.964285714286
1.0
0.928571428571
1.03571428571
0.916666666667
0.866666666667
1.09523809524
0
0
0
0
0
0
0
0
0
0
0
0
1.2
0.836363636364
0.833333333333
0.872727272727
0.742424242424
0.8
0.787878787879
0.858974358974
0.735294117647
0.779411764706
0.771241830065
0.797385620915
0.719047619048
0.726666666667
0.760683760684
0.694252873563
0.753846153846
0.713450292398
0.75641025641
0.75641025641
0.8
0.828571428571
0.775
0.716666666667
0.846153846154
0.705882352941
0.802197802198
0.846153846154
0.782051282051
0.772727272727
0.888888888889
0.888888888889
1.0
0.861111111111
0.888888888889
0.888888888889
0.888888888889
0.888888888889
0.888888888889
0.964285714286
1.13333333333
0.904761904762
1.13333333333
0.964285714286
0.964285714286
1.0
1.0
0.928571428571
0.916666666667
1.07142857143
1.4
0
0
0
0
0
0
0
0
0
0
3.0
0.904761904762
0.844444444444
0.782051282051
0.782051282051
0.933333333333
0.757575757576
0.736263736264
0.742857142857
0.857142857143
0.764705882353
0.751633986928
0.78431372549
0.747368421053
0.692028985507
0.708994708995
0.749287749288
0.770750988142
0.719047619048
0.727941176471
0.791208791209
0.764705882353
0.721052631579
0.690476190476
0.745098039216
0.705882352941
0.846153846154
0.761904761905
0.863636363636
0.782051282051
0.909090909091
0.872727272727
0.818181818182
0.844444444444
0.844444444444
0.844444444444
0.844444444444
0.888888888889
0.888888888889
1.0
0.964285714286
0.892857142857
1.06666666667
1.06666666667
0.952380952381
1.04761904762
1.04761904762
1.0
1.0
1.0
1.0
0.888888888889
1.09523809524
0
0
0
0
0
0
0
0
0
0
2.0
1.26666666667
0.818181818182
0.818181818182
0.769230769231
0.757575757576
0.848484848485
0.893939393939
0.705882352941
0.718954248366
0.772058823529
0.801470588235
0.838235294118
0.752631578947
0.69
0.674876847291
0.726666666667
0.773684210526
0.771241830065
0.823529411765
0.736842105263
0.742105263158
0.752631578947
0.752631578947
0.808823529412
0.809523809524
0.790476190476
0.878787878788
0.872727272727
0.818181818182
0.890909090909
0.909090909091
0.890909090909
0.872727272727
0.854545454545
0.911111111111
0.888888888889
1.03571428571
0.964285714286
0.928571428571
0.928571428571
1.09523809524
0.964285714286
0.964285714286
0.928571428571
1.0
1.0
1.0
1.0
1.0
1.04761904762
0.861111111111
1.26666666667
0
0
0
0
0
0
0
0
0
0
1.0
1.0
0.833333333333
0.75641025641
0.80303030303
0.75641025641
0.761904761905
0.8
0.742647058824
0.809523809524
0.775
0.757352941176
0.797385620915
0.719047619048
0.683333333333
0.676923076923
0.703557312253
0.752631578947
0.719047619048
0.752631578947
0.747368421053
0.801169590643
0.783625730994
0.795321637427
0.777777777778
0.772058823529
0.75
0.818181818182
0.866666666667
0.844444444444
0.818181818182
0.833333333333
0.863636363636
0.848484848485
0.833333333333
0.80303030303
0.818181818182
1.0
1.0
1.0
0.964285714286
0.888888888889
0.888888888889
0.888888888889
1.0
0.928571428571
1.0
1.0
1.04761904762
0.928571428571
0.964285714286
0.888888888889
1.09523809524
0
0
0
0
0
0
0
0
0
0
0.977777777778
0.878787878788
0.758241758242
0.794871794872
0.848484848485
0.769230769231
0.775
0.945054945055
0.816666666667
0.846153846154
0.78021978022
0.720588235294
0.74269005848
0.738095238095
0.692028985507
0.663043478261
0.69696969697
0.72380952381
0.757894736842
0.777777777778
0.736842105263
0.709523809524
0.7
0.790849673203
0.7
0.725490196078
0.809523809524
0.704761904762
0.866666666667
0.844444444444
0.866666666667
0.80303030303
0.863636363636
0.807692307692
0.863636363636
0.818181818182
0.888888888889
0.888888888889
0.964285714286
0.964285714286
1.07142857143
0.818181818182
0.80303030303
0.844444444444
0.844444444444
0.916666666667
0.928571428571
1.0
0.964285714286
0.964285714286
0.964285714286
0.866666666667
1.19047619048
0
0
0
0
0
0
0
0
0
1.17857142857
0.893939393939
0.716666666667
0.909090909091
0.807692307692
0.833333333333
0.733333333333
0.779411764706
0.786764705882
0.738562091503
0.741666666667
0.807692307692
0.716666666667
0.736842105263
0.875
0.736842105263
0.777777777778
0.760233918129
0.701298701299
0.719047619048
0.714285714286
0.710526315789
0.732026143791
0.633333333333
0.757352941176
0.713450292398
0.707602339181
0.819047619048
0.78021978022
0.911111111111
0.911111111111
0.911111111111
0.854545454545
0.890909090909
0.863636363636
0.794871794872
0.933333333333
0.866666666667
0.888888888889
0.888888888889
0.818181818182
0.927272727273
0.846153846154
0.824175824176
0.807692307692
0.872727272727
0.854545454545
0.911111111111
0.866666666667
0.8
0.911111111111
0.8
0.854545454545
1.10714285714
0
0
0
0
0
0
0
0
1.4
0.863636363636
0.824175824176
0.824175824176
0.752380952381
0.78021978022
0.8
0.725490196078
0.695906432749
0.745098039216
0.712418300654
0.769230769231
0.794871794872
0.820512820513
0.779411764706
0.777777777778
0.816666666667
0.751633986928
0.797385620915
0.692640692641
0.709523809524
0.730994152047
0.713450292398
0.786764705882
0.686274509804
0.772058823529
0.772058823529
0.701754385965
0.775
0.78021978022
0.854545454545
0.836363636364
0.818181818182
0.866666666667
0.818181818182
0.872727272727
0.872727272727
0.888888888889
0.888888888889
0.888888888889
0.888888888889
0.818181818182
0.893939393939
0.824175824176
0.871794871795
0.848484848485
0.890909090909
0.863636363636
0.909090909091
0.872727272727
0.927272727273
0.909090909091
0.909090909091
0.909090909091
1.02777777778
0
0
0
0
0
0
0
2.0
0.866666666667
0.833333333333
0.820512820513
0.846153846154
0.807692307692
0.761904761905
0.758169934641
0.777777777778
0.713450292398
0.791666666667
0.761904761905
0.769230769231
0.747252747253
0.820512820513
0.813186813187
0.783333333333
0.790476190476
0.764705882353
0.830882352941
0.742105263158
0.766081871345
0.7
0.704761904762
0.760233918129
0.695906432749
0.742647058824
0.809523809524
0.901098901099
0.771428571429
0.878787878788
0.854545454545
0.836363636364
0.888888888889
0.916666666667
0.888888888889
0.8
0.866666666667
0.888888888889
0.888888888889
0.888888888889
0.781818181818
0.818181818182
0.725274725275
0.758241758242
0.909090909091
0.736263736264
0.769230769231
0.893939393939
0.927272727273
0.733333333333
0.846153846154
0.820512820513
0.807692307692
0.863636363636
1.02777777778
0
0
0
0
0
0
0
1.07142857143
0.909090909091
0.909090909091
0.736263736264
0.863636363636
0.769230769231
0.712418300654
0.845588235294
0.838235294118
0.771241830065
0.698529411765
0.802197802198
0.791208791209
0.807692307692
0.807692307692
0.794871794872
0.818181818182
0.833333333333
0.775
0.803921568627
0.714285714286
0.714285714286
0.727272727273
0.731601731602
0.738095238095
0.705263157895
0.713235294118
0.716666666667
0.820512820513
0.807692307692
0.909090909091
0.854545454545
0.972222222222
0.916666666667
0.964285714286
0.861111111111
0.888888888889
0.888888888889
0.888888888889
0.888888888889
0.916666666667
0.888888888889
0.977777777778
0.863636363636
0.909090909091
0.863636363636
0.772727272727
0.787878787879
0.794871794872
0.794871794872
0.833333333333
0.771428571429
0.752380952381
0.863636363636
0.833333333333
1.0
0
0
0
0
0
0
0
0.912087912088
0.866666666667
0.824175824176
0.769230769231
0.782051282051
0.807692307692
0.738562091503
0.891666666667
0.797385620915
0.751633986928
0.691176470588
0.780952380952
0.8
0.75
0.863636363636
0.836363636364
0.888888888889
0.772727272727
0.758333333333
0.754385964912
0.795321637427
0.757142857143
0.771428571429
0.748917748918
0.742857142857
0.790849673203
0.833333333333
0.854545454545
0.944444444444
0.866666666667
0.8
0.844444444444
0.888888888889
1.0
1.0
0.964285714286
0.888888888889
0.888888888889
0.888888888889
0.888888888889
0.888888888889
0.781818181818
0.787878787879
0.769230769231
0.794871794872
0.863636363636
0.75641025641
0.757575757576
0.888888888889
0.818181818182
0.820512820513
0.824175824176
0.858974358974
0.807692307692
0.854545454545
1.19047619048
0
0
0
0
0
0
1.15151515152
0.919117647059
0.958333333333
0.690058479532
0.794871794872
0.733333333333
0.705882352941
0.751633986928
0.7
0.721052631579
0.719298245614
0.735294117647
0.719298245614
0.758169934641
0.847619047619
0.794871794872
0.888888888889
0.8
0.787878787879
0.780952380952
0.74269005848
0.771929824561
0.763157894737
0.742857142857
0.718614718615
0.81045751634
0.764705882353
0.794871794872
0.911111111111
0.916666666667
0.888888888889
0.888888888889
0.888888888889
0.964285714286
1.0
1.0
0.964285714286
0.888888888889
0.888888888889
0.888888888889
0.916666666667
0.888888888889
0.888888888889
0.818181818182
0.848484848485
0.752380952381
0.761904761905
0.742857142857
0.854545454545
0.818181818182
0.854545454545
0.848484848485
0.794871794872
0.758241758242
0.730769230769
0.757575757576
1.0
0
0
0
0
0
0
1.01904761905
0.941176470588
0.766233766234
0.718954248366
0.761904761905
0.735294117647
0.738562091503
0.790849673203
0.695238095238
0.721052631579
0.710526315789
0.721052631579
0.705627705628
0.80701754386
0.794117647059
0.80303030303
0.861111111111
0.888888888889
0.818181818182
0.75
0.751633986928
0.710526315789
0.67619047619
0.730994152047
0.705263157895
0.816666666667
0.813186813187
0.866666666667
0.844444444444
0.888888888889
0.844444444444
0.844444444444
0.888888888889
0.861111111111
1.04761904762
1.0
0.964285714286
0.888888888889
0.888888888889
0.844444444444
0.916666666667
0.8
0.944444444444
0.916666666667
0.872727272727
0.846153846154
0.813186813187
0.858974358974
0.769230769231
0.888888888889
0.854545454545
0.909090909091
0.848484848485
0.794871794872
0.833333333333
0.824175824176
1.08333333333
0
0
0
0
0
0
0.921568627451
0.888888888889
0.766233766234
0.868131868132
0.828571428571
0.833333333333
0.801470588235
0.766081871345
0.766081871345
0.754385964912
0.692640692641
0.703557312253
0.731225296443
0.830409356725
0.758169934641
0.836363636364
0.944444444444
0.818181818182
0.769230769231
0.791666666667
0.772058823529
0.772058823529
0.705882352941
0.824175824176
0.833333333333
0.833333333333
0.866666666667
0.888888888889
0.888888888889
0.916666666667
0.888888888889
0.888888888889
0.916666666667
0.888888888889
0.822222222222
0.888888888889
0.916666666667
0.861111111111
0.964285714286
1.0
0.866666666667
0.836363636364
0.818181818182
0.854545454545
0.866666666667
0.818181818182
0.833333333333
0.78021978022
0.74358974359
0.818181818182
0.854545454545
0.909090909091
0.848484848485
0.791208791209
0.813186813187
0.954545454545
1.21428571429
0
0
0
0
0
0
0.838095238095
0.809523809524
0.683333333333
0.742647058824
0.816666666667
0.771241830065
0.74269005848
0.731578947368
0.683982683983
0.742105263158
0.761904761905
0.713768115942
0.717391304348
0.875816993464
0.738562091503
0.818181818182
0.888888888889
0.80303030303
0.802197802198
0.847619047619
0.732026143791
0.8
0.742857142857
0.927272727273
0.854545454545
0.916666666667
0.844444444444
0.844444444444
0.844444444444
0.866666666667
0.911111111111
0.818181818182
0.916666666667
0.916666666667
0.944444444444
0.972222222222
0.888888888889
0.888888888889
0.833333333333
0.964285714286
0.888888888889
0.888888888889
0.890909090909
0.890909090909
0.836363636364
0.888888888889
0.888888888889
0.911111111111
0.911111111111
0.730769230769
0.794871794872
0.794871794872
0.848484848485
0.833333333333
0.794871794872
0.807692307692
1.0
0
0
0
0
0
1.06666666667
0.814285714286
0.792207792208
0.691699604743
0.75
0.751633986928
0.748538011696
0.754385964912
0.715789473684
0.658008658009
0.752631578947
0.780952380952
0.739130434783
0.761904761905
0.830065359477
0.807692307692
0.818181818182
0.911111111111
0.833333333333
0.752380952381
0.791666666667
0.718954248366
0.828571428571
0.733333333333
0.730769230769
0.844444444444
0.866666666667
0.888888888889
0.911111111111
0.911111111111
0.836363636364
0.854545454545
0.818181818182
0.944444444444
0.916666666667
0.844444444444
0.866666666667
0.818181818182
0.872727272727
1.0
0.916666666667
0.888888888889
0.888888888889
0.933333333333
0.854545454545
0.836363636364
0.844444444444
0.888888888889
0.844444444444
0.866666666667
0.787878787879
0.878787878788
0.945454545455
0.863636363636
0.836363636364
0.866666666667
0.916666666667
1.26666666667
0
0
0
0
0.967032967033
0.916666666667
0.875816993464
0.774891774892
0.694736842105
0.775
0.779411764706
0.736842105263
0.771929824561
0.679653679654
0.710526315789
0.679841897233
0.748917748918
0.753246753247
0.733333333333
0.786764705882
0.872727272727
0.818181818182
0.80303030303
0.848484848485
0.820512820513
0.720588235294
0.828571428571
0.828571428571
0.733333333333
0.890909090909
0.818181818182
0.872727272727
0.854545454545
0.836363636364
0.74358974359
0.863636363636
0.945454545455
0.782051282051
0.80303030303
0.836363636364
0.781818181818
0.844444444444
0.888888888889
0.955555555556
1.0
0.757575757576
0.890909090909
0.769230769231
0.75641025641
0.818181818182
0.955555555556
0.818181818182
0.944444444444
0.888888888889
0.916666666667
0.911111111111
0.833333333333
0.833333333333
0.836363636364
0.866666666667
0.888888888889
0.888888888889
1.26666666667
0
0
0
2.0
0.846153846154
0.868131868132
0.803921568627
0.768421052632
0.783333333333
0.8
0.828571428571
0.74269005848
0.757894736842
0.714285714286
0.74269005848
0.679841897233
0.784210526316
0.778947368421
0.751633986928
0.909090909091
0.866666666667
0.818181818182
0.818181818182
0.833333333333
0.833333333333
0.771428571429
0.783333333333
0.791666666667
0.725
0.807692307692
0.848484848485
0.848484848485
0.833333333333
0.818181818182
0.736263736264
0.78021978022
0.769230769231
0.820512820513
0.848484848485
0.848484848485
0.818181818182
0.888888888889
0.916666666667
0.781818181818
0.866666666667
0.944444444444
0.955555555556
0.80303030303
0.836363636364
0.836363636364
0.933333333333
0.787878787879
0.888888888889
0.763636363636
1.0
0.844444444444
0.844444444444
0.916666666667
0.916666666667
0.888888888889
0.888888888889
0.888888888889
1.26666666667
0
0
0
1.21428571429
0.909090909091
0.939393939394
0.758333333333
0.733333333333
0.771428571429
0.761904761905
0.727941176471
0.736842105263
0.757894736842
0.742105263158
0.721052631579
0.719047619048
0.789473684211
0.790849673203
0.802197802198
0.866666666667
1.03571428571
0.836363636364
0.872727272727
0.933333333333
0.75641025641
0.752380952381
0.783333333333
0.828571428571
0.741666666667
0.78021978022
0.878787878788
0.807692307692
0.794871794872
0.848484848485
0.769230769231
0.897435897436
0.741666666667
0.725
0.820512820513
1.0
0.854545454545
0.888888888889
0.916666666667
1.0
0.928571428571
0.888888888889
0.972222222222
0.866666666667
1.04761904762
1.0
0.964285714286
1.0
1.0
1.09523809524
0.833333333333
1.09523809524
0.861111111111
0.888888888889
0.888888888889
0.888888888889
0.888888888889
0.888888888889
1.26666666667
0
0
0
1.17857142857
1.08333333333
0.833333333333
0.769230769231
0.758241758242
0.769230769231
0.807692307692
0.733333333333
0.794117647059
0.81045751634
0.731578947368
0.690476190476
0.719047619048
0.771929824561
0.75
0.854545454545
0.928571428571
0.844444444444
0.80303030303
0.854545454545
0.818181818182
0.836363636364
0.807692307692
0.720588235294
0.819047619048
0.733333333333
0.833333333333
0.863636363636
0.909090909091
0.848484848485
0.794871794872
0.752380952381
0.783333333333
0.828571428571
0.935897435897
0.858974358974
0.747252747253
0.818181818182
0.781818181818
1.0
0.888888888889
0.916666666667
0.763636363636
0.888888888889
0.972222222222
0.888888888889
1.0
0.952380952381
1.0
1.04761904762
0.861111111111
1.09523809524
0.777777777778
1.09523809524
0.888888888889
0.888888888889
0.888888888889
0.888888888889
0.888888888889
1.26666666667
0
0
0
1.04761904762
0.933333333333
0.772727272727
0.8
0.909090909091
0.733333333333
0.742857142857
0.802197802198
0.701754385965
0.790849673203
0.719298245614
0.690476190476
0.69696969697
0.777777777778
0.741666666667
0.866666666667
0.888888888889
0.955555555556
0.848484848485
0.848484848485
0.872727272727
0.833333333333
0.807692307692
0.716666666667
0.8
0.791208791209
0.863636363636
0.872727272727
0.854545454545
0.854545454545
0.833333333333
0.833333333333
0.780952380952
0.809523809524
0.790476190476
0.708333333333
0.758241758242
0.714285714286
0.911111111111
0.818181818182
0.781818181818
0.888888888889
0.944444444444
0.888888888889
0.972222222222
0.844444444444
1.04761904762
1.0
1.0
1.0
0.964285714286
0.833333333333
1.04761904762
0.928571428571
1.0
0.861111111111
1.0
0.888888888889
0.888888888889
1.26666666667
0
3.0
0.904761904762
0.964285714286
1.0
0.964285714286
0.844444444444
0.794871794872
0.846153846154
0.846153846154
0.858974358974
0.699346405229
0.772058823529
0.751633986928
0.766081871345
0.714285714286
0.808823529412
0.75
0.818181818182
0.890909090909
0.890909090909
1.0
0.909090909091
0.833333333333
0.848484848485
0.807692307692
0.791208791209
0.813186813187
0.909090909091
0.854545454545
0.818181818182
0.888888888889
0.844444444444
0.866666666667
0.80303030303
0.848484848485
0.72380952381
0.833333333333
0.813186813187
0.775
0.771428571429
0.878787878788
0.890909090909
0.911111111111
0.888888888889
0.866666666667
0.844444444444
0.944444444444
0.844444444444
0.861111111111
1.0
1.04761904762
0.952380952381
0.928571428571
1.0
1.0
0.928571428571
0.928571428571
1.04761904762
0.928571428571
1.0
0.888888888889
1.26666666667
0
3.0
1.2
1.04761904762
1.13333333333
0.857142857143
0.916666666667
0.833333333333
0.846153846154
0.802197802198
0.802197802198
0.761904761905
0.720588235294
0.772058823529
0.830882352941
0.721052631579
0.833333333333
0.783333333333
0.769230769231
0.909090909091
0.872727272727
0.80303030303
0.833333333333
0.818181818182
0.833333333333
0.909090909091
0.878787878788
0.909090909091
0.787878787879
0.916666666667
0.861111111111
0.888888888889
0.888888888889
0.888888888889
0.888888888889
0.916666666667
0.818181818182
0.878787878788
0.824175824176
0.897435897436
0.871794871795
0.909090909091
0.772727272727
0.916666666667
0.822222222222
0.888888888889
0.888888888889
0.916666666667
0.888888888889
0.888888888889
0.888888888889
0.964285714286
0.892857142857
1.26666666667
0.964285714286
0.861111111111
1.0
0.964285714286
0.964285714286
1.0
0.964285714286
0.888888888889
1.26666666667
3.0
2.0
1.13333333333
1.13333333333
1.0
0.904761904762
0.8
0.854545454545
0.820512820513
0.78021978022
0.769230769231
0.771428571429
0.698529411765
0.684210526316
0.786764705882
0.758169934641
0.707602339181
0.783333333333
0.835164835165
0.818181818182
0.818181818182
0.888888888889
0.866666666667
0.772727272727
0.787878787879
0.772727272727
0.772727272727
0.854545454545
0.844444444444
0.861111111111
1.0
0.888888888889
0.844444444444
0.8
0.888888888889
0.888888888889
0.822222222222
0.888888888889
0.782051282051
0.769230769231
0.794871794872
0.911111111111
0.916666666667
0.928571428571
0.964285714286
0.888888888889
0.888888888889
0.888888888889
0.888888888889
0.888888888889
0.888888888889
0.833333333333
1.4
0.857142857143
1.06666666667
1.0
0.964285714286
0.888888888889
1.10714285714
0.888888888889
0.964285714286
0.888888888889
1.26666666667
1.66666666667
0
1.66666666667
1.0
1.0
0.964285714286
0.911111111111
0.787878787879
0.833333333333
0.807692307692
0.820512820513
0.771428571429
0.766666666667
0.720588235294
0.757352941176
0.779411764706
0.758169934641
0.857142857143
0.791208791209
0.933333333333
0.964285714286
0.777777777778
1.03571428571
0.781818181818
0.888888888889
0.911111111111
0.933333333333
1.0
0.818181818182
0.888888888889
0.888888888889
0.888888888889
0.944444444444
0.972222222222
0.944444444444
0.888888888889
0.844444444444
1.03571428571
0.888888888889
0.916666666667
0.916666666667
0.916666666667
0.861111111111
0.964285714286
1.0
0.861111111111
1.0
0.888888888889
0.888888888889
0.888888888889
0.781818181818
1.0
0.833333333333
1.04761904762
0.952380952381
1.13333333333
1.04761904762
0.844444444444
1.0
0.888888888889
0.861111111111
0.888888888889
1.26666666667
0
3.0
3.0
1.33333333333
1.06666666667
0.888888888889
0.854545454545
0.833333333333
0.818181818182
0.863636363636
0.820512820513
0.824175824176
0.775
0.766666666667
0.690058479532
0.786764705882
0.816666666667
0.819047619048
0.695238095238
1.0
0.928571428571
1.0
0.866666666667
0.888888888889
0.911111111111
0.818181818182
0.911111111111
0.772727272727
0.916666666667
0.916666666667
0.916666666667
0.888888888889
0.888888888889
0.8
0.844444444444
0.818181818182
0.854545454545
1.02777777778
0.844444444444
0.888888888889
0.888888888889
0.888888888889
0.888888888889
0.888888888889
0.888888888889
0.964285714286
0.928571428571
1.0
0.888888888889
0.916666666667
0.888888888889
0.944444444444
1.0
0.833333333333
1.04761904762
1.0
0.964285714286
0.844444444444
0.944444444444
0.844444444444
1.0
0.964285714286
1.2
0
0
3.0
1.1
0.892857142857
0.818181818182
0.833333333333
0.863636363636
0.833333333333
0.848484848485
0.807692307692
0.761904761905
0.809523809524
0.727941176471
0.735294117647
0.8
0.847619047619
0.780952380952
0.854545454545
0.888888888889
1.0
0.916666666667
0.944444444444
0.888888888889
0.888888888889
0.8
0.911111111111
0.8
0.844444444444
0.916666666667
0.944444444444
0.822222222222
1.0
0.888888888889
0.8
0.769230769231
0.872727272727
0.890909090909
0.8
0.888888888889
0.916666666667
0.888888888889
0.888888888889
0.888888888889
0.888888888889
0.964285714286
1.0
0.964285714286
0.888888888889
0.916666666667
0.888888888889
0.781818181818
0.928571428571
1.3
0.952380952381
1.0
0.928571428571
1.0
0.916666666667
1.0
0.892857142857
1.13333333333
1.3
0
0
1.66666666667
1.66666666667
1.0
0.933333333333
0.848484848485
0.807692307692
0.807692307692
0.794871794872
0.769230769231
0.72380952381
0.771428571429
0.758333333333
0.783333333333
0.819047619048
0.846153846154
0.807692307692
0.911111111111
0.866666666667
0.888888888889
0.888888888889
0.844444444444
0.781818181818
0.866666666667
0.787878787879
0.747252747253
0.833333333333
0.782051282051
0.705128205128
1.0
0.972222222222
0.861111111111
0.818181818182
0.807692307692
1.0
0.890909090909
0.911111111111
0.844444444444
0.844444444444
0.916666666667
0.844444444444
0.888888888889
0.888888888889
0.888888888889
0.964285714286
1.13333333333
0.892857142857
0.964285714286
1.0
0.866666666667
0.944444444444
0.916666666667
0.952380952381
1.06666666667
1.0
1.04761904762
0.861111111111
0.888888888889
0.833333333333
1.3
0.892857142857
1.4
0
0
0
1.13333333333
0.833333333333
0.888888888889
0.863636363636
0.807692307692
0.833333333333
0.78021978022
0.78021978022
0.78021978022
0.708333333333
0.691176470588
0.884615384615
0.871794871795
0.769230769231
0.844444444444
0.866666666667
0.916666666667
0.866666666667
0.844444444444
0.888888888889
0.888888888889
0.888888888889
0.909090909091
0.791208791209
0.813186813187
0.78021978022
0.758241758242
0.782051282051
0.854545454545
0.763636363636
0.80303030303
1.08333333333
0.714285714286
0.833333333333
0.866666666667
0.888888888889
0.888888888889
0.916666666667
0.888888888889
0.888888888889
0.888888888889
0.888888888889
0.964285714286
0.952380952381
1.2
1.06666666667
0.928571428571
0.866666666667
0.818181818182
0.888888888889
1.09523809524
1.5
1.0
0.861111111111
0.861111111111
1.0
1.0
0.833333333333
1.0
1.26666666667
0
0
3.0
1.04761904762
1.26666666667
0.916666666667
0.848484848485
0.807692307692
0.791208791209
0.802197802198
0.846153846154
0.846153846154
0.833333333333
0.78021978022
0.878787878788
0.769230769231
0.888888888889
0.888888888889
0.916666666667
0.888888888889
0.972222222222
0.944444444444
0.944444444444
0.8
0.888888888889
0.854545454545
0.794871794872
0.833333333333
0.78021978022
0.863636363636
0.955555555556
0.911111111111
0.854545454545
0.854545454545
0.747252747253
0.747252747253
0.872727272727
0.866666666667
0.844444444444
0.844444444444
0.781818181818
0.888888888889
0.888888888889
0.888888888889
0.888888888889
1.0
0.928571428571
1.06666666667
1.0
1.0
1.07142857143
0.911111111111
0.836363636364
0.944444444444
0.857142857143
1.04761904762
0.888888888889
1.0
0.888888888889
0.861111111111
0.964285714286
0.964285714286
1.4
0
0
0
1.3
0.964285714286
0.892857142857
0.955555555556
0.848484848485
0.833333333333
0.802197802198
0.833333333333
0.791208791209
0.742857142857
0.846153846154
0.807692307692
0.836363636364
0.916666666667
0.866666666667
0.888888888889
0.818181818182
0.818181818182
0.757575757576
0.888888888889
0.818181818182
0.933333333333
0.911111111111
0.933333333333
0.909090909091
0.833333333333
0.854545454545
0.836363636364
0.836363636364
0.890909090909
0.872727272727
0.872727272727
0.872727272727
0.933333333333
0.888888888889
0.944444444444
0.944444444444
0.972222222222
0.972222222222
0.866666666667
0.888888888889
0.888888888889
0.888888888889
1.09523809524
0.904761904762
1.0
1.13333333333
0.888888888889
0.8
0.854545454545
0.818181818182
1.0
0.964285714286
0.888888888889
0.844444444444
1.03571428571
0.964285714286
0.952380952381
1.0
1.3
0
0
0
0
1.3
1.13333333333
0.964285714286
0.872727272727
0.807692307692
0.78021978022
0.769230769231
0.78021978022
0.846153846154
0.802197802198
0.794871794872
0.836363636364
0.787878787879
0.836363636364
0.833333333333
0.833333333333
0.833333333333
0.933333333333
0.888888888889
0.8
0.888888888889
0.866666666667
0.781818181818
0.866666666667
0.8
0.866666666667
0.888888888889
0.787878787879
0.909090909091
0.736263736264
0.836363636364
0.818181818182
0.866666666667
0.888888888889
0.844444444444
0.844444444444
0.888888888889
0.8
0.888888888889
0.888888888889
0.888888888889
0.888888888889
0.861111111111
1.04761904762
1.0
1.0
0.964285714286
0.866666666667
0.955555555556
0.818181818182
1.09523809524
1.0
0.833333333333
1.0
0.861111111111
1.3
1.0
0.928571428571
1.3
0
0
0
0
3.0
1.13333333333
0.952380952381
0.888888888889
0.833333333333
0.769230769231
0.794871794872
0.820512820513
0.791208791209
0.769230769231
0.747252747253
0.769230769231
0.818181818182
0.893939393939
0.820512820513
0.769230769231
0.769230769231
0.833333333333
0.836363636364
0.861111111111
1.03571428571
0.916666666667
0.888888888889
0.916666666667
0.866666666667
0.916666666667
0.916666666667
0.972222222222
0.977777777778
0.888888888889
0.866666666667
0.888888888889
1.0
0.964285714286
0.964285714286
0.861111111111
0.888888888889
0.888888888889
0.888888888889
0.888888888889
0.888888888889
0.888888888889
0.888888888889
0.888888888889
1.0
0.928571428571
0.928571428571
0.916666666667
0.888888888889
0.742424242424
1.04761904762
0.904761904762
1.2
0.8
1.0
0.833333333333
1.0
1.0
1.2
0
0
0
0
0
1.06666666667
1.0
0.952380952381
0.8
0.863636363636
0.794871794872
0.863636363636
0.769230769231
0.704761904762
0.747252747253
0.890909090909
0.872727272727
0.893939393939
0.924242424242
0.871794871795
0.846153846154
0.878787878788
0.890909090909
0.861111111111
0.928571428571
0.964285714286
1.0
0.888888888889
0.822222222222
1.0
0.888888888889
0.866666666667
0.8
0.844444444444
0.888888888889
0.888888888889
0.964285714286
0.928571428571
0.964285714286
1.0
1.0
0.861111111111
0.888888888889
0.888888888889
0.888888888889
0.888888888889
0.888888888889
0.888888888889
0.888888888889
1.0
0.928571428571
0.964285714286
0.944444444444
0.916666666667
1.0
0.964285714286
0.866666666667
1.03571428571
0.818181818182
0.888888888889
0.888888888889
0.888888888889
1.26666666667
0
0
0
0
0
1.2
0.952380952381
1.06666666667
1.04761904762
0.818181818182
0.863636363636
0.848484848485
0.848484848485
0.833333333333
0.977777777778
0.872727272727
0.890909090909
0.782051282051
0.820512820513
0.733333333333
0.769230769231
0.769230769231
0.890909090909
0.911111111111
0.964285714286
1.0
0.928571428571
0.964285714286
1.09523809524
0.861111111111
0.888888888889
0.888888888889
0.888888888889
0.861111111111
1.0
0.888888888889
0.861111111111
1.0
0.888888888889
1.0
0.928571428571
0.964285714286
0.844444444444
0.844444444444
0.844444444444
0.844444444444
0.888888888889
0.861111111111
0.964285714286
0.964285714286
1.04761904762
0.964285714286
0.888888888889
0.916666666667
0.822222222222
0.972222222222
0.911111111111
0.836363636364
0.888888888889
0.972222222222
0.916666666667
0.888888888889
1.26666666667
0
0
0
0
0
3.0
2.0
1.5
1.2
0.730769230769
0.794871794872
0.872727272727
0.854545454545
0.836363636364
0.8
0.8
0.818181818182
0.836363636364
0.787878787879
0.872727272727
0.890909090909
0.890909090909
0.818181818182
0.717948717949
0.944444444444
0.964285714286
1.0
1.0
1.0
1.0
0.928571428571
0.964285714286
0.964285714286
1.04761904762
0.928571428571
1.0
0.888888888889
0.888888888889
0.888888888889
0.833333333333
1.0
1.14285714286
0.888888888889
0.854545454545
0.933333333333
0.888888888889
0.916666666667
0.964285714286
1.0
1.0
1.13333333333
0.892857142857
1.0
0.844444444444
1.07142857143
0.911111111111
0.933333333333
0.888888888889
0.888888888889
0.8
0.888888888889
0.888888888889
1.26666666667
0
0
0
0
0
0
3.0
1.1
0.964285714286
0.80303030303
0.769230769231
0.8
0.888888888889
1.0
0.888888888889
0.916666666667
0.844444444444
0.818181818182
0.911111111111
0.836363636364
0.818181818182
0.772727272727
0.8
0.972222222222
1.07142857143
0.888888888889
0.928571428571
1.0
1.06666666667
1.0
1.5
1.3
1.3
1.3
0.952380952381
0.928571428571
1.0
0.888888888889
0.888888888889
0.964285714286
1.0
1.0
0.818181818182
0.854545454545
0.933333333333
0.888888888889
0.916666666667
1.0
0.964285714286
0.928571428571
1.13333333333
1.3
0.964285714286
1.03571428571
0.866666666667
0.916666666667
0.822222222222
0.844444444444
0.888888888889
0.861111111111
0.964285714286
0.964285714286
1.4
0
0
0
0
0
0
0
1.66666666667
1.03571428571
0.977777777778
0.933333333333
1.0
1.13333333333
0.892857142857
0.964285714286
1.0
0.911111111111
0.818181818182
0.807692307692
0.893939393939
0.807692307692
0.833333333333
0.872727272727
0.911111111111
0.861111111111
0.964285714286
1.09523809524
0.928571428571
0.952380952381
1.13333333333
1.3
1.66666666667
1.66666666667
3.0
2.0
1.06666666667
1.0
0.964285714286
1.0
1.0
0.928571428571
1.0
0.888888888889
0.911111111111
0.818181818182
0.844444444444
0.888888888889
0.888888888889
0.888888888889
1.0
1.0
0.904761904762
1.0
0.861111111111
1.04761904762
1.0
0.964285714286
0.888888888889
0.888888888889
1.0
0.928571428571
1.0
1.3
0
0
0
0
0
0
0
1.3
0.964285714286
0.911111111111
0.866666666667
1.04761904762
1.0
1.0
1.3
1.2
0.861111111111
0.955555555556
0.833333333333
0.835164835165
0.871794871795
0.761904761905
0.769230769231
0.977777777778
0.861111111111
1.0
0.928571428571
1.04761904762
1.0
1.04761904762
1.13333333333
3.0
0
0
0
3.0
1.0
1.0
1.0
0.964285714286
1.04761904762
0.964285714286
0.844444444444
0.844444444444
0.888888888889
0.888888888889
0.888888888889
0.888888888889
0.888888888889
1.0
0.952380952381
1.06666666667
1.0
1.0
1.06666666667
0.952380952381
1.0
0.888888888889
0.888888888889
0.888888888889
1.0
0.928571428571
1.3
0
0
0
0
0
1.5
1.0
1.03571428571
1.0
0.964285714286
0.861111111111
1.13333333333
1.0
1.5
2.0
0
2.0
1.2
1.14285714286
1.02222222222
1.06666666667
0.927272727273
1.10714285714
1.14285714286
0
1.2
1.3
1.3
1.3
1.06666666667
3.0
3.0
3.0
0
3.0
1.33333333333
1.33333333333
1.0
1.1
0.952380952381
1.0
0.928571428571
0.964285714286
1.0
0.888888888889
0.888888888889
0.888888888889
0.888888888889
0.888888888889
0.928571428571
1.5
1.3
1.0
1.13333333333
1.0
0.952380952381
1.04761904762
0.928571428571
1.0
0.888888888889
1.0
1.04761904762
1.13333333333
0
0
0
0
1.5
1.06666666667
1.07142857143
1.0
1.09523809524
0.833333333333
1.04761904762
0.904761904762
1.1
1.66666666667
0
0
0
0
0
0
0
0
2.0
0
0
3.0
1.0
1.66666666667
1.66666666667
1.66666666667
1.66666666667
1.66666666667
0
0
0
3.0
1.0
1.0
1.0
1.06666666667
1.0
1.0
1.0
0.928571428571
0.964285714286
1.0
0.888888888889
0.888888888889
0.888888888889
1.04761904762
1.0
1.1
1.0
0.892857142857
1.1
1.1
1.06666666667
2.0
0.952380952381
1.0
0.952380952381
1.06666666667
1.5
0
0
0
0
1.66666666667
1.2
0.944444444444
0.836363636364
0.861111111111
1.09523809524
0.964285714286
1.2
1.13333333333
3.0
0
0
0
0
0
0
0
0
0
0
0
0
1.66666666667
1.0
1.33333333333
1.33333333333
1.33333333333
1.66666666667
0
0
0
0
0
1.66666666667
1.0
1.0
1.0
1.3
1.3
0.952380952381
1.0
0.928571428571
0.964285714286
1.04761904762
1.0
0.952380952381
1.5
3.0
1.2
1.09523809524
0.892857142857
1.06666666667
1.13333333333
1.2
1.0
1.33333333333
1.33333333333
1.0
1.33333333333
0
0
0
0
0
0
1.0
0.861111111111
1.04761904762
1.0
1.26666666667
1.2
2.0
0
0
0
0
0
0
0
0
0
0
0
0
0
1.33333333333
1.06666666667
1.0
1.0
1.13333333333
1.66666666667
0
0
0
0
0
0
0
1.66666666667
1.33333333333
1.33333333333
1.66666666667
1.5
1.3
1.13333333333
1.13333333333
1.0
1.0
1.0
1.0
1.33333333333
1.06666666667
0.964285714286
1.03571428571
0.928571428571
1.0
1.13333333333
0.952380952381
1.3
1.33333333333
1.0
1.33333333333
0
0
0
0
0
3.0
1.33333333333
1.1
1.3
1.66666666667
0
0
0
0
0
0
0
0
0
0
0
0
0
0
0
0
1.66666666667
1.83333333333
0.928571428571
1.04761904762
1.0
1.3
0
0
0
0
0
0
0
0
3.0
1.5
1.3
1.5
1.33333333333
1.33333333333
1.0
1.06666666667
1.06666666667
1.1
1.0
1.1
0.952380952381
0.861111111111
1.03571428571
0.916666666667
1.0
0.952380952381
0.964285714286
1.0
1.0
1.0
1.33333333333
0
0
0
0
3.0
2.0
1.33333333333
1.0
1.66666666667
3.0
0
0
0
0
0
0
0
0
0
0
0
0
0
0
0
0
1.66666666667
3.0
1.5
1.2
1.2
2.0
0
0
3.0
0
0
0
0
0
0
3.0
1.66666666667
1.2
1.2
1.0
1.0
1.0
1.13333333333
1.06666666667
1.0
1.0
1.2
1.0
1.0
1.04761904762
0.952380952381
1.0
1.2
0.952380952381
1.0
1.0
1.33333333333
0
0
0
0
0
1.66666666667
0.904761904762
1.06666666667
1.5
1.33333333333
1.33333333333
3.0
0
0
0
0
0
0
0
0
0
0
0
0
0
0
3.0
1.4
2.0
3.0
3.0
0
0
0
3.0
2.0
1.5
0
3.0
1.66666666667
1.66666666667
1.66666666667
0
3.0
3.0
3.0
1.0
1.33333333333
1.1
1.0
1.0
1.0
1.06666666667
1.06666666667
1.0
1.06666666667
1.13333333333
0.904761904762
1.0
1.2
1.0
1.0
1.66666666667
0
0
0
0
0
0
1.2
0.964285714286
0.952380952381
1.1
1.0
1.3
1.4
0
0
0
0
0
0
0
0
0
0
0
0
0
3.0
1.4
1.0
1.66666666667
0
0
0
0
0
2.0
1.66666666667
1.5
1.04761904762
1.14285714286
1.83333333333
1.66666666667
0
3.0
3.0
0
0
3.0
1.33333333333
1.2
1.66666666667
1.1
1.06666666667
1.13333333333
0.952380952381
1.06666666667
1.0
1.09523809524
0.861111111111
0.964285714286
1.13333333333
1.06666666667
1.66666666667
0
0
0
0
0
0
0.945454545455
0.981818181818
0.854545454545
0.928571428571
0.952380952381
1.04761904762
1.0
1.4
3.0
3.0
0
0
0
0
0
0
0
0
0
0
1.66666666667
1.26666666667
0.952380952381
1.5
0
0
0
0
0
0
0
1.3
0
1.03571428571
1.5
3.0
0
0
0
0
0
0
3.0
2.0
1.5
3.0
1.66666666667
0.952380952381
1.13333333333
1.0
1.06666666667
1.0
1.0
0.952380952381
1.06666666667
1.13333333333
1.3
0
0
0
0
0
0
1.01515151515
1.09090909091
0.893939393939
0.916666666667
1.09523809524
0.833333333333
0.822222222222
0.928571428571
1.5
3.0
0
0
0
0
0
0
0
0
0
0
1.33333333333
0.857142857143
1.3
3.0
0
0
0
0
0
0
3.0
1.3
1.0
1.09523809524
1.26666666667
0
0
0
0
0
0
0
0
3.0
1.66666666667
1.66666666667
1.66666666667
1.33333333333
1.33333333333
1.33333333333
1.33333333333
1.33333333333
1.33333333333
1.33333333333
1.33333333333
1.2
2.0
0
0
0
0
0
1.11111111111
0.923076923077
0.923076923077
0.791208791209
1.0
0.833333333333
0.916666666667
0.916666666667
1.09523809524
1.66666666667
0
0
0
0
0
0
0
0
0
0
1.66666666667
1.5
1.2
1.2
3.0
1.66666666667
0
0
0
0
0
3.0
2.0
1.2
1.5
1.2
2.0
0
0
3.0
1.5
2.0
0
3.0
1.66666666667
3.0
0
0
3.0
1.66666666667
1.66666666667
1.66666666667
1.66666666667
1.66666666667
1.66666666667
1.66666666667
1.66666666667
3.0
0
0
0
0
0
1.17857142857
0.933333333333
0.820512820513
0.911111111111
0.888888888889
0.972222222222
0.944444444444
1.09523809524
1.2
0
0
0
0
0
0
0
0
0
0
0
3.0
1.06666666667
1.2
1.66666666667
1.33333333333
1.66666666667
1.66666666667
0
0
0
0
3.0
1.66666666667
1.66666666667
1.5
1.2
1.06666666667
1.5
1.66666666667
1.66666666667
1.1
3.0
0
0
0
0
0
0
0
3.0
1.66666666667
1.66666666667
1.66666666667
3.0
0
0
3.0
3.0
0
0
0
0
0
1.13333333333
1.04761904762
0.822222222222
0.818181818182
0.836363636364
1.14285714286
1.07142857143
0
3.0
0
0
0
0
0
0
0
0
0
0
1.66666666667
3.0
3.0
1.66666666667
3.0
0
0
3.0
0
0
0
3.0
1.33333333333
1.33333333333
1.66666666667
1.66666666667
1.1
0.904761904762
1.13333333333
1.3
1.0
1.33333333333
3.0
0
0
0
0
0
0
3.0
1.66666666667
1.66666666667
1.66666666667
1.66666666667
3.0
0
0
3.0
3.0
0
0
0
0
0
1.04761904762
1.09523809524
0.916666666667
0.888888888889
0.972222222222
0.944444444444
0
0
0
0
0
0
0
0
0
0
0
0
0
1.66666666667
3.0
3.0
1.66666666667
3.0
0
0
0
0
0
0
1.33333333333
1.33333333333
3.0
0
0
1.33333333333
1.2
0.857142857143
1.3
2.0
0
3.0
3.0
0
0
0
0
3.0
1.66666666667
1.66666666667
3.0
0
0
0
0
0
0
0
0
0
0
0
3.0
1.2
1.2
1.14285714286
0.888888888889
1.33333333333
1.66666666667
0
0
0
0
0
0
0
0
0
0
0
0
3.0
1.66666666667
1.66666666667
1.66666666667
1.66666666667
0
0
0
0
0
0
0
3.0
0
0
0
1.66666666667
1.0
0.904761904762
1.2
3.0
0
0
2.0
2.0
0
0
0
0
1.66666666667
1.33333333333
3.0
0
0
0
0
0
0
0
0
0
0
0
0
0
3.0
3.0
0
0
0
0
0
0
0
0
0
0
0
0
0
0
0
0
1.33333333333
1.66666666667
3.0
1.66666666667
1.66666666667
2.0
1.3
2.0
0
0
0
0
0
0
0
3.0
3.0
1.33333333333
1.2
1.13333333333
3.0
0
0
2.0
0
3.0
0
0
0
1.66666666667
3.0
0
0
0
0
0
0
0
0
0
0
0
0
0
0
1.66666666667
3.0
0
0
0
0
0
0
0
0
0
0
0
0
0
0
0
0
1.33333333333
1.66666666667
3.0
1.66666666667
1.33333333333
2.0
1.13333333333
1.0
1.26666666667
0
0
0
0
0
0
1.66666666667
3.0
1.66666666667
1.0
2.0
3.0
0
0
0
3.0
1.66666666667
0
0
0
3.0
3.0
3.0
3.0
0
0
0
0
0
0
0
0
0
0
0
0
0
0
0
0
0
0
0
0
0
0
0
0
0
0
0
0
0
0
3.0
2.0
0
3.0
1.66666666667
1.2
0.952380952381
0.928571428571
1.14285714286
1.26666666667
0
0
0
0
0
0
0
0
1.66666666667
1.66666666667
3.0
0
0
0
0
0
0
0
0
0
1.66666666667
3.0
3.0
0
0
0
0
0
0
0
0
0
0
0
0
0
0
0
0
0
0
0
0
0
0
0
0
0
0
0
0
0
0
1.5
1.5
1.66666666667
0
0
1.66666666667
1.3
1.0
0.928571428571
1.0
1.2
0
0
0
0
3.0
3.0
0
0
1.5
3.0
0
0
0
0
0
0
0
0
0
1.66666666667
3.0
3.0
0
0
0
0
0
0
0
0
0
0
0
0
0
0
0
0
0
0
0
3.0
0
0
0
0
0
0
0
0
0
0
3.0
0
1.2
1.66666666667
0
0
3.0
1.3
1.0
1.0
1.13333333333
2.0
0
0
0
3.0
3.0
0
0
1.66666666667
1.66666666667
0
0
0
0
0
0
0
0
0
3.0
1.66666666667
3.0
0
0
0
0
0
0
0
0
0
0
0
0
0
0
0
0
0
0
0
3.0
0
0
0
0
0
0
0
0
0
0
0
2.0
1.3
2.0
0
0
0
0
1.66666666667
1.66666666667
1.66666666667
3.0
0
0
0
0
0
0
0
0
2.0
0
0
0
0
0
0
0
0
0
3.0
1.66666666667
0
0
0
0
0
0
0
0
