0
0
0
0
0
0
0
0
0
0
0
0
0
0
0
0
1.83333333333
1.33333333333
1.14285714286
1.11111111111
1.04545454545
1.01282051282
0.908333333333
0.9
0.952380952381
0.891304347826
0.834757834758
0.856666666667
0.919047619048
0.926315789474
0.900584795322
0.910526315789
0.952380952381
0.93115942029
0.851851851852
0.843076923077
0.889328063241
0.921052631579
0.906432748538
0.929824561404
0.948529411765
0.980952380952
0.961538461538
1.0
0.927272727273
0.977777777778
1.04444444444
1.19444444444
0.984848484848
0.954545454545
0.984848484848
0.963636363636
1.04444444444
1.0
1.05555555556
1.14285714286
1.02777777778
1.08333333333
0.981818181818
0.939393939394
1.08888888889
1.14285714286
1.83333333333
0
0
0
0
0
0
0
0
0
0
0
0
0
0
1.28571428571
1.02777777778
0.872727272727
0.945454545455
0.766666666667
0.764705882353
0.801169590643
0.826315789474
0.76
0.790640394089
0.76814516129
0.73781512605
0.739750445633
0.801587301587
0.772486772487
0.746031746032
0.816666666667
0.846153846154
0.817733990148
0.802150537634
0.806896551724
0.747983870968
0.780423280423
0.767195767196
0.81
0.853754940711
0.868421052632
0.852941176471
0.857142857143
0.846153846154
0.878787878788
0.846153846154
0.809523809524
0.89010989011
0.912087912088
0.87619047619
0.847619047619
0.868131868132
0.871794871795
0.927272727273
0.977777777778
0.872727272727
0.890909090909
0.927272727273
0.846153846154
1.01818181818
0.981818181818
0.836363636364
1.26666666667
0
0
0
0
0
0
0
0
0
0
0
0
0
1.2380952381
1.06666666667
0.846153846154
0.868131868132
0.948717948718
0.705263157895
0.722943722944
0.728260869565
0.6875
0.760080645161
0.731231231231
0.688461538462
0.671951219512
0.6996996997
0.721590909091
0.677361853832
0.668449197861
0.729838709677
0.738636363636
0.763257575758
0.745098039216
0.746212121212
0.713012477718
0.698752228164
0.67731092437
0.753694581281
0.778461538462
0.736666666667
0.754385964912
0.847619047619
0.752380952381
0.791208791209
0.727941176471
0.745098039216
0.690476190476
0.730994152047
0.758169934641
0.838095238095
0.819047619048
0.802197802198
0.758241758242
0.833333333333
0.818181818182
0.74358974359
0.955555555556
0.725274725275
0.807692307692
0.848484848485
0.866666666667
1.26666666667
0
0
0
0
0
0
0
0
0
0
0
0
0
0.893939393939
0.802197802198
0.790476190476
0.742647058824
0.72514619883
0.736842105263
0.731884057971
0.685483870968
0.688477951636
0.685897435897
0.669988925803
0.63768115942
0.623188405797
0.630021141649
0.65
0.632051282051
0.632928475034
0.681681681682
0.684210526316
0.698198198198
0.707936507937
0.696825396825
0.657183499289
0.634615384615
0.680952380952
0.713709677419
0.732804232804
0.684782608696
0.7
0.716666666667
0.824175824176
0.766666666667
0.745098039216
0.797385620915
0.742105263158
0.7
0.758169934641
0.783333333333
0.846153846154
0.769230769231
0.833333333333
0.836363636364
0.836363636364
0.772727272727
0.972222222222
0.844444444444
0.888888888889
0.911111111111
0.888888888889
1.14285714286
0
0
0
0
0
0
0
0
0
0
0
0
1.0
0.833333333333
0.819047619048
0.764705882353
0.7
0.683982683983
0.735930735931
0.669950738916
0.725806451613
0.695006747638
0.665559246955
0.662790697674
0.647474747475
0.625346901018
0.648484848485
0.639393939394
0.630021141649
0.64358974359
0.639024390244
0.666666666667
0.658569500675
0.66966966967
0.684126984127
0.665718349929
0.667140825036
0.727272727273
0.748768472906
0.687830687831
0.710526315789
0.718954248366
0.741666666667
0.838095238095
0.771241830065
0.679653679654
0.695652173913
0.733333333333
0.701298701299
0.797385620915
0.725
0.782051282051
0.848484848485
0.955555555556
0.911111111111
0.911111111111
0.888888888889
0.944444444444
0.844444444444
0.888888888889
0.836363636364
0.911111111111
1.14285714286
0
0
0
0
0
0
0
0
0
0
1.83333333333
1.02777777778
0.833333333333
0.771428571429
0.838095238095
0.721052631579
0.771929824561
0.718614718615
0.692307692308
0.685483870968
0.698412698413
0.701754385965
0.719298245614
0.676633444075
0.680761099366
0.689898989899
0.672525439408
0.647959183673
0.642512077295
0.648083623693
0.669985775249
0.657657657658
0.636636636637
0.660317460317
0.667140825036
0.669985775249
0.7
0.748387096774
0.701149425287
0.691699604743
0.764705882353
0.819047619048
0.757352941176
0.823529411765
0.771929824561
0.691699604743
0.695652173913
0.68115942029
0.752631578947
0.803921568627
0.758333333333
0.769230769231
0.769230769231
0.787878787879
0.844444444444
0.844444444444
0.844444444444
0.888888888889
0.844444444444
0.911111111111
0.836363636364
0.911111111111
1.14285714286
0
0
0
0
0
0
0
0
0
0
1.2380952381
1.05555555556
0.758241758242
0.720588235294
0.688311688312
0.735930735931
0.693333333333
0.669515669516
0.698412698413
0.664884135472
0.685633001422
0.689743589744
0.73399715505
0.686600221484
0.69797979798
0.710144927536
0.714009661836
0.656326530612
0.650709219858
0.661733615222
0.696696696697
0.689393939394
0.608108108108
0.648648648649
0.672830725462
0.647435897436
0.679365079365
0.675579322638
0.650574712644
0.670995670996
0.75
0.772058823529
0.730994152047
0.7
0.722943722944
0.748917748918
0.766233766234
0.744588744589
0.701298701299
0.78431372549
0.791666666667
0.863636363636
0.848484848485
0.872727272727
0.818181818182
0.888888888889
0.888888888889
0.888888888889
0.781818181818
0.836363636364
0.772727272727
0.888888888889
1.14285714286
0
0
0
0
0
0
0
0
0
0
0.872727272727
0.927272727273
0.752380952381
0.705263157895
0.710144927536
0.700854700855
0.690476190476
0.687830687831
0.639112903226
0.663865546218
0.674253200569
0.684210526316
0.682926829268
0.685858585859
0.694727104533
0.712303422757
0.684897959184
0.645137880987
0.674645390071
0.692137320044
0.667073170732
0.635135135135
0.60960960961
0.656156156156
0.651821862348
0.700840336134
0.731182795699
0.64314516129
0.701298701299
0.684210526316
0.718954248366
0.745098039216
0.710526315789
0.705627705628
0.684782608696
0.702898550725
0.713768115942
0.757142857143
0.67619047619
0.847619047619
0.75
0.752380952381
0.78021978022
0.863636363636
0.872727272727
0.818181818182
0.844444444444
0.844444444444
0.911111111111
1.0
0.972222222222
0.944444444444
1.26666666667
0
0
0
0
0
0
0
0
0
0
0.848484848485
0.761904761905
0.757352941176
0.723320158103
0.729344729345
0.687356321839
0.699507389163
0.648275862069
0.648275862069
0.670454545455
0.642958748222
0.642276422764
0.654334038055
0.68309178744
0.695035460993
0.671945701357
0.654786862334
0.664404223228
0.671768707483
0.664734299517
0.66334440753
0.647773279352
0.604588394062
0.65015015015
0.695798319328
0.731182795699
0.754985754986
0.721014492754
0.758169934641
0.783333333333
0.791666666667
0.779411764706
0.794117647059
0.883333333333
0.783625730994
0.707509881423
0.722943722944
0.738095238095
0.701754385965
0.89010989011
0.780952380952
0.791208791209
0.807692307692
0.794871794872
0.890909090909
0.933333333333
0.944444444444
1.0
0.944444444444
0.8
0.844444444444
0.888888888889
1.26666666667
0
0
0
0
0
0
0
0
0
1.02777777778
0.820512820513
0.8
0.705627705628
0.735384615385
0.774928774929
0.746031746032
0.67816091954
0.692307692308
0.655270655271
0.662561576355
0.650420168067
0.704761904762
0.642424242424
0.660460992908
0.68537414966
0.657474600871
0.633116883117
0.640111809923
0.694727104533
0.674396135266
0.677740863787
0.627906976744
0.599303135889
0.675630252101
0.721774193548
0.774928774929
0.814229249012
0.727272727273
0.808333333333
0.758333333333
0.780952380952
0.692810457516
0.699346405229
0.727941176471
0.779411764706
0.766081871345
0.731578947368
0.78431372549
0.692810457516
0.708333333333
0.72380952381
0.848484848485
0.890909090909
0.890909090909
0.872727272727
0.911111111111
0.8
0.944444444444
0.757575757576
0.888888888889
0.888888888889
0.888888888889
1.26666666667
0
0
0
0
0
0
0
0
1.26666666667
0.836363636364
0.833333333333
0.757352941176
0.735507246377
0.778461538462
0.683870967742
0.649621212121
0.674876847291
0.661538461538
0.699275362319
0.689458689459
0.729064039409
0.690756302521
0.663182346109
0.664199814986
0.647314949202
0.615914786967
0.642907058001
0.631027253669
0.727574750831
0.731707317073
0.707317073171
0.648947951274
0.600422832981
0.630156472262
0.664772727273
0.753846153846
0.933823529412
0.823529411765
0.835164835165
0.708333333333
0.858974358974
0.939393939394
0.939393939394
0.833333333333
0.685714285714
0.838095238095
0.934065934066
0.745098039216
0.699346405229
0.824175824176
0.820512820513
0.8
0.8
0.866666666667
0.844444444444
0.844444444444
0.844444444444
0.911111111111
0.866666666667
0.916666666667
0.861111111111
0.888888888889
1.26666666667
0
0
0
0
0
0
0
1.4
1.07142857143
0.8
0.752380952381
0.747619047619
0.73
0.722222222222
0.706896551724
0.706349206349
0.666666666667
0.666666666667
0.74025974026
0.669312169312
0.724137931034
0.694117647059
0.653377630122
0.639455782313
0.628959276018
0.647058823529
0.638606676343
0.638763197587
0.741463414634
0.716608594657
0.705426356589
0.651207729469
0.622222222222
0.641141141141
0.687356321839
0.676923076923
0.707602339181
0.72380952381
0.833333333333
0.807692307692
0.769230769231
0.871794871795
0.802197802198
0.794871794872
0.836363636364
0.791208791209
0.824175824176
0.8
0.758333333333
0.8
0.802197802198
0.818181818182
0.8
0.844444444444
0.844444444444
0.888888888889
0.866666666667
0.972222222222
0.866666666667
0.861111111111
1.0
0.888888888889
1.26666666667
0
0
0
0
0
0
0
1.19047619048
0.836363636364
0.704761904762
0.764705882353
0.709956709957
0.72
0.674876847291
0.756666666667
0.723333333333
0.727272727273
0.752380952381
0.722943722944
0.678062678063
0.701149425287
0.687301587302
0.644820295983
0.648473635523
0.673450508788
0.616352201258
0.61285814116
0.62443438914
0.644081632653
0.68177613321
0.657142857143
0.656462585034
0.647342995169
0.664295874822
0.7150997151
0.728571428571
0.758333333333
0.733333333333
0.758241758242
0.848484848485
0.695238095238
0.742857142857
0.771428571429
0.771428571429
0.733333333333
0.794871794872
0.742857142857
0.705882352941
0.712418300654
0.75
0.846153846154
0.884615384615
0.863636363636
0.863636363636
0.872727272727
0.866666666667
0.888888888889
0.888888888889
0.844444444444
0.888888888889
0.888888888889
0.888888888889
1.26666666667
0
0
0
0
0
0
0
0.871794871795
0.981818181818
0.761904761905
0.841666666667
0.714285714286
0.692028985507
0.7
0.713333333333
0.710144927536
0.738095238095
0.719047619048
0.714285714286
0.68
0.677419354839
0.665718349929
0.696356275304
0.677740863787
0.679704016913
0.620392156863
0.619607843137
0.628205128205
0.632996632997
0.66763425254
0.674165457184
0.670437405732
0.656028368794
0.641025641026
0.683760683761
0.803921568627
0.841666666667
0.75
0.713235294118
0.833333333333
0.720588235294
0.732026143791
0.779411764706
0.825
0.809523809524
0.741666666667
0.775
0.794117647059
0.730994152047
0.719298245614
0.690058479532
0.757352941176
0.718954248366
0.824175824176
0.820512820513
0.74358974359
0.972222222222
0.866666666667
0.888888888889
0.888888888889
0.888888888889
0.888888888889
1.26666666667
0
0
0
0
0
0
1.42857142857
1.11111111111
0.8
0.691176470588
0.833333333333
0.736842105263
0.768421052632
0.722943722944
0.683794466403
0.688311688312
0.715789473684
0.730994152047
0.731578947368
0.669312169312
0.697580645161
0.685714285714
0.650406504065
0.682926829268
0.659619450317
0.662790697674
0.625882352941
0.64570230608
0.664646464646
0.684136967156
0.697387518142
0.680995475113
0.696618357488
0.689839572193
0.670769230769
0.705627705628
0.790849673203
0.967032967033
0.719298245614
0.715789473684
0.72380952381
0.731578947368
0.695238095238
0.74269005848
0.8
0.720588235294
0.725490196078
0.758169934641
0.771241830065
0.705263157895
0.758169934641
0.794117647059
0.764705882353
0.772058823529
0.780952380952
0.782051282051
0.854545454545
0.844444444444
0.888888888889
0.888888888889
0.888888888889
0.888888888889
1.26666666667
0
0
0
0
0
0
1.08888888889
0.924242424242
0.857142857143
0.742857142857
0.8
0.816176470588
0.747368421053
0.721052631579
0.690476190476
0.730994152047
0.694736842105
0.710526315789
0.67
0.694581280788
0.703629032258
0.67619047619
0.651282051282
0.656097560976
0.671951219512
0.677119628339
0.653846153846
0.682873730044
0.685534591195
0.722352941176
0.742021276596
0.697695035461
0.682926829268
0.71164021164
0.810526315789
0.773684210526
0.766081871345
0.748538011696
0.715789473684
0.801169590643
0.761904761905
0.747619047619
0.705627705628
0.715789473684
0.701754385965
0.766666666667
0.725490196078
0.694736842105
0.67619047619
0.751633986928
0.701754385965
0.764705882353
0.816176470588
0.764705882353
0.686274509804
0.794871794872
0.872727272727
0.818181818182
0.844444444444
0.888888888889
0.888888888889
0.888888888889
1.26666666667
0
0
0
0
0
0
1.14285714286
0.848484848485
0.794871794872
0.695238095238
0.766666666667
0.75
0.689473684211
0.758169934641
0.72514619883
0.72514619883
0.710526315789
0.742105263158
0.683760683761
0.73645320197
0.675579322638
0.653968253968
0.634423897582
0.633333333333
0.678205128205
0.665700483092
0.68962585034
0.698340874811
0.701960784314
0.752657004831
0.742160278746
0.735419630156
0.670588235294
0.716666666667
0.752380952381
0.736842105263
0.690476190476
0.710526315789
0.733333333333
0.761904761905
0.719367588933
0.74025974026
0.738095238095
0.760233918129
0.718954248366
0.771428571429
0.790476190476
0.735294117647
0.75
0.816666666667
0.8
0.668421052632
0.801470588235
0.838095238095
0.752380952381
0.909090909091
0.818181818182
0.955555555556
0.854545454545
0.818181818182
0.888888888889
0.888888888889
1.26666666667
0
0
0
0
0
0
0.933333333333
1.0
0.80303030303
0.818181818182
0.802197802198
0.780952380952
0.783333333333
0.779411764706
0.72514619883
0.736842105263
0.760233918129
0.692028985507
0.694581280788
0.731034482759
0.67803030303
0.657754010695
0.645378151261
0.628879892038
0.656097560976
0.659574468085
0.675294117647
0.701224489796
0.742424242424
0.698780487805
0.695187165775
0.694252873563
0.650574712644
0.65
0.660079051383
0.74269005848
0.74269005848
0.695238095238
0.659420289855
0.655384615385
0.699275362319
0.766666666667
0.768421052632
0.81045751634
0.741666666667
0.752380952381
0.733333333333
0.720588235294
0.846153846154
0.857142857143
0.7
0.733333333333
0.884615384615
0.752380952381
0.818181818182
0.888888888889
0.772727272727
0.854545454545
0.872727272727
0.933333333333
0.916666666667
0.888888888889
1.26666666667
0
0
0
0
0
1.08888888889
1.04444444444
0.909090909091
0.836363636364
0.833333333333
0.807692307692
0.820512820513
0.790476190476
0.857142857143
0.825
0.751633986928
0.736842105263
0.683076923077
0.685057471264
0.733990147783
0.694623655914
0.642045454545
0.611111111111
0.679144385027
0.642303433001
0.642006802721
0.661224489796
0.707246376812
0.714082503556
0.708045977011
0.740740740741
0.7150997151
0.680911680912
0.726315789474
0.748538011696
0.736842105263
0.664031620553
0.709956709957
0.69
0.664615384615
0.667692307692
0.703557312253
0.757894736842
0.823529411765
0.683823529412
0.758333333333
0.727941176471
0.780952380952
0.813186813187
0.824175824176
0.78021978022
0.909090909091
0.820512820513
0.80303030303
0.866666666667
0.888888888889
0.888888888889
0.836363636364
0.74358974359
0.836363636364
0.866666666667
0.888888888889
1.26666666667
0
0
0
0
0.945454545455
0.969696969697
0.969696969697
0.807692307692
0.836363636364
0.833333333333
0.807692307692
0.807692307692
0.761904761905
0.775
0.8
0.794117647059
0.771929824561
0.692307692308
0.687356321839
0.724137931034
0.683870967742
0.664367816092
0.647727272727
0.683712121212
0.660660660661
0.659756097561
0.678281068525
0.658605974395
0.67816091954
0.763076923077
0.81884057971
0.735384615385
0.695384615385
0.714285714286
0.726315789474
0.747368421053
0.747619047619
0.713768115942
0.713846153846
0.716666666667
0.706666666667
0.652307692308
0.691699604743
0.714285714286
0.663157894737
0.786764705882
0.786764705882
0.735294117647
0.8
0.75
0.871794871795
0.939393939394
0.769230769231
0.933333333333
0.911111111111
0.955555555556
0.818181818182
0.80303030303
0.836363636364
0.836363636364
0.888888888889
0.916666666667
1.2
0
0
0
1.83333333333
0.893939393939
1.13888888889
0.824175824176
0.7
0.836363636364
0.872727272727
0.863636363636
0.807692307692
0.769230769231
0.791208791209
0.75
0.757352941176
0.763157894737
0.685185185185
0.711822660099
0.714942528736
0.675268817204
0.666666666667
0.665322580645
0.696774193548
0.72183908046
0.73544973545
0.68275862069
0.686153846154
0.662561576355
0.716931216931
0.804347826087
0.764492753623
0.744588744589
0.683982683983
0.704761904762
0.733333333333
0.750988142292
0.7150997151
0.655913978495
0.720797720798
0.700854700855
0.716923076923
0.713333333333
0.719367588933
0.683982683983
0.74269005848
0.764705882353
0.783333333333
0.761904761905
0.742857142857
0.733333333333
0.846153846154
0.769230769231
0.818181818182
0.772727272727
0.909090909091
0.736263736264
0.787878787879
0.818181818182
0.818181818182
0.911111111111
0.822222222222
1.4
0
0
0
0.944444444444
1.19047619048
0.977777777778
0.78021978022
0.818181818182
0.80303030303
0.730769230769
0.818181818182
0.848484848485
0.848484848485
0.863636363636
0.769230769231
0.699346405229
0.761904761905
0.706349206349
0.743386243386
0.733990147783
0.680459770115
0.682266009852
0.719576719577
0.724867724868
0.717948717949
0.757246376812
0.705627705628
0.742105263158
0.750988142292
0.735384615385
0.776666666667
0.75
0.714285714286
0.710526315789
0.726315789474
0.706666666667
0.732193732194
0.746031746032
0.683467741935
0.647727272727
0.67816091954
0.74358974359
0.747692307692
0.731884057971
0.733333333333
0.742105263158
0.74269005848
0.725490196078
0.705882352941
0.716666666667
0.742857142857
0.820512820513
0.730769230769
0.844444444444
0.772727272727
0.872727272727
0.872727272727
0.944444444444
0.916666666667
0.866666666667
0.972222222222
0.866666666667
1.26666666667
0
0
0
1.2
1.26666666667
0.781818181818
0.888888888889
0.833333333333
0.909090909091
0.890909090909
0.75641025641
0.818181818182
0.818181818182
0.833333333333
0.863636363636
0.705882352941
0.785714285714
0.7150997151
0.740740740741
0.703448275862
0.668965517241
0.706552706553
0.74
0.753623188406
0.702898550725
0.728571428571
0.666666666667
0.721052631579
0.727272727273
0.742753623188
0.716666666667
0.723320158103
0.731578947368
0.736842105263
0.733333333333
0.729230769231
0.724137931034
0.756157635468
0.697580645161
0.666666666667
0.716748768473
0.726600985222
0.723646723647
0.72
0.761904761905
0.747368421053
0.726315789474
0.764705882353
0.816176470588
0.801470588235
0.772058823529
0.868131868132
0.807692307692
0.872727272727
0.933333333333
0.872727272727
0.836363636364
0.866666666667
0.888888888889
0.844444444444
0.888888888889
0.866666666667
1.14285714286
0
0
0
1.3
1.0
1.13333333333
0.916666666667
0.818181818182
0.863636363636
0.863636363636
0.818181818182
0.836363636364
0.836363636364
0.818181818182
0.758241758242
0.695906432749
0.757575757576
0.75
0.70197044335
0.68275862069
0.709401709402
0.692307692308
0.727272727273
0.699604743083
0.704761904762
0.736842105263
0.712418300654
0.719298245614
0.733333333333
0.711462450593
0.707509881423
0.701298701299
0.705263157895
0.660079051383
0.692028985507
0.674876847291
0.685483870968
0.721774193548
0.648648648649
0.635135135135
0.634920634921
0.689516129032
0.67311827957
0.679894179894
0.742857142857
0.726315789474
0.816176470588
0.808823529412
0.801470588235
0.841666666667
0.816666666667
0.819047619048
0.78021978022
0.955555555556
0.854545454545
0.80303030303
0.854545454545
0.944444444444
0.916666666667
0.888888888889
0.916666666667
0.933333333333
1.0
0
3.0
3.0
1.06666666667
1.06666666667
0.857142857143
0.944444444444
0.74358974359
0.807692307692
0.78021978022
0.820512820513
0.818181818182
0.818181818182
0.833333333333
0.78021978022
0.777777777778
0.727272727273
0.72
0.655172413793
0.669950738916
0.71
0.653333333333
0.683982683983
0.714285714286
0.738095238095
0.728571428571
0.721052631579
0.671428571429
0.710526315789
0.704761904762
0.797385620915
0.730994152047
0.671428571429
0.718614718615
0.743083003953
0.659770114943
0.625396825397
0.645645645646
0.661904761905
0.653968253968
0.639682539683
0.664772727273
0.691954022989
0.695156695157
0.671936758893
0.719298245614
0.75
0.718954248366
0.75
0.742647058824
0.758333333333
0.813186813187
0.807692307692
0.818181818182
0.74358974359
0.890909090909
0.933333333333
0.866666666667
0.888888888889
0.888888888889
0.818181818182
1.02777777778
1.17857142857
3.0
3.0
1.66666666667
1.06666666667
1.13333333333
1.10714285714
0.854545454545
0.782051282051
0.807692307692
0.858974358974
0.824175824176
0.833333333333
0.848484848485
0.758241758242
0.790476190476
0.771929824561
0.719367588933
0.68
0.62315270936
0.7
0.715415019763
0.691699604743
0.688405797101
0.661538461538
0.719367588933
0.771428571429
0.714285714286
0.7
0.786764705882
0.707602339181
0.695906432749
0.732026143791
0.797385620915
0.766666666667
0.75
0.709401709402
0.653409090909
0.677361853832
0.69696969697
0.6875
0.711827956989
0.709359605911
0.720797720798
0.724637681159
0.694736842105
0.780952380952
0.771428571429
0.813186813187
0.791208791209
0.758241758242
0.818181818182
0.75641025641
0.769230769231
0.807692307692
0.75641025641
0.782051282051
0.818181818182
0.888888888889
0.888888888889
0.888888888889
0.888888888889
0.854545454545
1.07142857143
1.66666666667
1.66666666667
1.5
1.2
1.3
1.07142857143
0.78021978022
0.802197802198
0.78021978022
0.813186813187
0.835164835165
0.858974358974
0.820512820513
0.78021978022
0.764705882353
0.735930735931
0.724637681159
0.65811965812
0.619047619048
0.731601731602
0.742857142857
0.743083003953
0.739130434783
0.672364672365
0.673846153846
0.731225296443
0.74025974026
0.757894736842
0.730994152047
0.707602339181
0.718954248366
0.738562091503
0.736842105263
0.761904761905
0.716666666667
0.698412698413
0.709359605911
0.6875
0.780423280423
0.741379310345
0.667338709677
0.732307692308
0.735177865613
0.766081871345
0.735294117647
0.820512820513
0.791208791209
0.813186813187
0.733333333333
0.758333333333
0.802197802198
0.708333333333
0.846153846154
0.858974358974
0.736263736264
0.833333333333
0.833333333333
0.854545454545
0.888888888889
0.916666666667
0.916666666667
0.944444444444
1.03571428571
1.66666666667
3.0
1.66666666667
1.66666666667
1.3
1.02777777778
0.846153846154
0.871794871795
0.833333333333
0.78021978022
0.771428571429
0.846153846154
0.863636363636
0.833333333333
0.777777777778
0.696666666667
0.704615384615
0.750988142292
0.66
0.687747035573
0.724637681159
0.753623188406
0.757246376812
0.68660968661
0.69
0.707509881423
0.699604743083
0.752631578947
0.72514619883
0.701754385965
0.732026143791
0.764705882353
0.745098039216
0.719047619048
0.747035573123
0.768115942029
0.750769230769
0.757834757835
0.724867724868
0.782608695652
0.739130434783
0.699604743083
0.730994152047
0.742647058824
0.725274725275
0.933333333333
0.794871794872
0.813186813187
0.868131868132
0.775
0.809523809524
0.741666666667
0.924242424242
0.924242424242
0.75641025641
0.818181818182
0.872727272727
0.872727272727
0.80303030303
0.818181818182
0.787878787879
0.933333333333
1.10714285714
0
3.0
2.0
1.1
1.06666666667
1.07142857143
0.807692307692
0.871794871795
0.791208791209
0.807692307692
0.742857142857
0.769230769231
0.833333333333
0.771428571429
0.768421052632
0.689230769231
0.704615384615
0.779220779221
0.763157894737
0.72380952381
0.747035573123
0.746376811594
0.753623188406
0.724637681159
0.688405797101
0.709956709957
0.742105263158
0.748538011696
0.764705882353
0.764705882353
0.791666666667
0.764705882353
0.75
0.684210526316
0.742857142857
0.750988142292
0.707692307692
0.723076923077
0.746666666667
0.77619047619
0.707602339181
0.75
0.758333333333
0.963636363636
0.836363636364
0.866666666667
0.818181818182
0.833333333333
0.741666666667
0.846153846154
0.857142857143
0.802197802198
0.927272727273
0.818181818182
0.844444444444
0.818181818182
0.890909090909
0.890909090909
0.833333333333
0.872727272727
0.833333333333
0.854545454545
0.972222222222
0
0
3.0
1.1
0.821428571429
0.888888888889
0.848484848485
0.802197802198
0.78021978022
0.807692307692
0.807692307692
0.769230769231
0.75641025641
0.758333333333
0.757142857143
0.728260869565
0.72
0.758893280632
0.752631578947
0.705263157895
0.757142857143
0.901960784314
0.847953216374
0.768421052632
0.736842105263
0.730994152047
0.707602339181
0.666666666667
0.698529411765
0.771428571429
0.761904761905
0.761904761905
0.758333333333
0.857142857143
0.816666666667
0.795321637427
0.757575757576
0.784210526316
0.78431372549
0.761904761905
0.833333333333
0.846153846154
0.791208791209
0.848484848485
0.916666666667
0.944444444444
0.972222222222
0.911111111111
0.872727272727
0.848484848485
0.863636363636
0.74358974359
0.836363636364
0.888888888889
0.844444444444
0.854545454545
0.848484848485
0.848484848485
0.782051282051
0.848484848485
0.909090909091
0.836363636364
1.26666666667
0
0
1.66666666667
1.5
1.0
0.822222222222
0.866666666667
0.833333333333
0.848484848485
0.807692307692
0.807692307692
0.769230769231
0.854545454545
0.8
0.83660130719
0.735177865613
0.78354978355
0.702898550725
0.721052631579
0.742647058824
0.772058823529
0.825
0.78431372549
0.801470588235
0.726315789474
0.74269005848
0.707602339181
0.879120879121
0.835164835165
0.791208791209
0.794871794872
0.769230769231
0.807692307692
0.820512820513
0.791208791209
0.733333333333
0.708333333333
0.714285714286
0.933333333333
0.888888888889
0.781818181818
0.80303030303
0.911111111111
0.911111111111
0.844444444444
0.781818181818
0.866666666667
0.844444444444
0.866666666667
0.888888888889
0.888888888889
0.844444444444
0.888888888889
0.888888888889
0.844444444444
0.911111111111
0.872727272727
0.818181818182
0.74358974359
0.80303030303
0.933333333333
0.866666666667
1.26666666667
0
0
0
1.66666666667
1.0
1.0
1.03571428571
0.844444444444
0.872727272727
0.848484848485
0.794871794872
0.818181818182
0.911111111111
0.78021978022
0.777777777778
0.768421052632
0.718614718615
0.719047619048
0.707602339181
0.727941176471
0.747252747253
0.769230769231
0.758333333333
0.72514619883
0.777777777778
0.715789473684
0.713450292398
0.75
0.766666666667
0.733333333333
0.863636363636
0.977777777778
0.844444444444
0.836363636364
0.911111111111
0.866666666667
1.03571428571
1.0
1.0
0.928571428571
0.964285714286
0.916666666667
0.866666666667
0.972222222222
0.844444444444
0.888888888889
0.916666666667
0.888888888889
0.888888888889
0.916666666667
0.916666666667
0.888888888889
0.888888888889
0.888888888889
0.888888888889
0.866666666667
0.888888888889
0.911111111111
0.866666666667
0.916666666667
0.916666666667
0.888888888889
1.26666666667
0
0
3.0
1.66666666667
1.0
0.833333333333
0.861111111111
0.861111111111
0.844444444444
0.854545454545
0.872727272727
1.02777777778
0.866666666667
0.818181818182
0.808333333333
0.794117647059
0.704761904762
0.65367965368
0.713450292398
0.738562091503
0.75
0.7
0.745098039216
0.797385620915
0.768421052632
0.719047619048
0.685714285714
0.689473684211
0.857142857143
0.819047619048
0.780952380952
0.854545454545
0.928571428571
0.861111111111
1.19047619048
0.861111111111
0.952380952381
1.13333333333
1.0
0.928571428571
0.916666666667
0.944444444444
0.781818181818
0.944444444444
0.844444444444
0.888888888889
0.888888888889
0.888888888889
0.888888888889
0.888888888889
0.888888888889
0.888888888889
0.888888888889
0.964285714286
1.0
0.964285714286
0.844444444444
1.07142857143
0.844444444444
0.888888888889
0.888888888889
0.888888888889
1.26666666667
0
0
0
2.0
1.09523809524
0.888888888889
1.0
1.0
0.888888888889
0.844444444444
0.972222222222
0.888888888889
0.844444444444
0.844444444444
0.78021978022
0.901098901099
0.745098039216
0.718954248366
0.719298245614
0.758169934641
0.764705882353
0.790849673203
0.714285714286
0.795321637427
0.742857142857
0.778947368421
0.679841897233
0.692640692641
0.748538011696
0.8
0.8
0.933333333333
0.928571428571
1.04761904762
0.861111111111
1.04761904762
1.0
0.928571428571
0.964285714286
1.0
0.866666666667
0.944444444444
0.844444444444
0.916666666667
0.888888888889
0.888888888889
0.844444444444
0.844444444444
0.844444444444
0.888888888889
0.888888888889
0.888888888889
1.0
0.952380952381
1.0
1.06666666667
0.928571428571
1.03571428571
0.822222222222
0.888888888889
0.888888888889
0.888888888889
1.26666666667
0
0
0
0
1.4
1.03571428571
0.888888888889
0.888888888889
0.888888888889
1.0
0.861111111111
0.888888888889
0.944444444444
0.866666666667
0.854545454545
0.813186813187
0.791666666667
0.75
0.725490196078
0.705263157895
0.731578947368
0.733333333333
0.727272727273
0.703557312253
0.653333333333
0.703557312253
0.666666666667
0.719047619048
0.771929824561
0.764705882353
0.758333333333
0.769230769231
0.888888888889
0.928571428571
1.0
0.861111111111
1.0
0.888888888889
0.888888888889
0.8
0.972222222222
0.888888888889
0.888888888889
0.888888888889
0.888888888889
0.866666666667
0.944444444444
0.972222222222
0.944444444444
0.916666666667
0.888888888889
0.888888888889
0.964285714286
1.13333333333
1.06666666667
0.952380952381
1.04761904762
0.888888888889
0.888888888889
0.888888888889
1.0
0.861111111111
1.26666666667
0
0
0
0
3.0
1.0
0.916666666667
0.888888888889
0.888888888889
0.964285714286
0.888888888889
0.944444444444
0.8
0.866666666667
1.0
0.872727272727
0.713235294118
0.732026143791
0.75
0.757352941176
0.754385964912
0.752380952381
0.68
0.65811965812
0.766233766234
0.688405797101
0.598290598291
0.679841897233
0.709956709957
0.675889328063
0.801470588235
0.828571428571
0.890909090909
0.928571428571
0.964285714286
0.964285714286
0.964285714286
1.0
0.861111111111
0.888888888889
1.0
0.8
0.964285714286
0.964285714286
0.916666666667
0.916666666667
0.944444444444
0.8
0.888888888889
1.0
0.888888888889
1.0
0.928571428571
1.0
0.928571428571
1.03571428571
0.916666666667
0.916666666667
0.888888888889
0.888888888889
0.888888888889
1.03571428571
1.26666666667
0
0
0
0
0
1.2
0.964285714286
0.916666666667
0.916666666667
0.833333333333
0.888888888889
0.866666666667
0.781818181818
0.944444444444
0.944444444444
0.818181818182
0.75641025641
0.741666666667
0.879120879121
0.75
0.673684210526
0.679653679654
0.757142857143
0.747035573123
0.804761904762
0.805263157895
0.728571428571
0.752631578947
0.738095238095
0.778947368421
0.823529411765
0.885714285714
0.893939393939
1.03571428571
0.833333333333
1.04761904762
1.04761904762
0.833333333333
0.916666666667
0.888888888889
0.888888888889
0.822222222222
1.0
1.0
1.0
0.916666666667
0.928571428571
1.13333333333
1.06666666667
0.952380952381
1.04761904762
0.928571428571
1.0
1.0
0.888888888889
0.911111111111
0.836363636364
0.836363636364
0.866666666667
0.866666666667
0.888888888889
0.888888888889
1.14285714286
0
0
0
0
0
3.0
1.06666666667
0.964285714286
0.916666666667
0.822222222222
1.0
0.781818181818
0.866666666667
0.972222222222
0.822222222222
0.888888888889
0.916666666667
0.833333333333
0.835164835165
0.775
0.764705882353
0.772058823529
0.731578947368
0.789473684211
0.805263157895
0.789473684211
0.860294117647
0.914285714286
0.867647058824
0.897058823529
0.823529411765
0.830882352941
0.807692307692
0.888888888889
1.0
0.928571428571
0.952380952381
1.04761904762
0.844444444444
0.944444444444
0.866666666667
0.964285714286
1.0
1.04761904762
0.888888888889
0.964285714286
1.0
1.13333333333
1.0
1.0
1.06666666667
1.0
1.0
0.928571428571
0.944444444444
0.872727272727
0.890909090909
0.807692307692
0.747252747253
0.74358974359
0.818181818182
0.911111111111
1.14285714286
0
0
0
0
0
3.0
1.66666666667
1.3
0.822222222222
0.8
0.818181818182
0.818181818182
1.03571428571
0.8
0.911111111111
0.8
0.888888888889
0.818181818182
0.807692307692
0.766666666667
0.775
0.742647058824
0.689473684211
0.790849673203
0.803921568627
0.830065359477
0.754385964912
0.766666666667
0.727941176471
0.786764705882
0.766666666667
0.884615384615
0.822222222222
0.964285714286
1.04761904762
1.13333333333
1.06666666667
0.928571428571
0.861111111111
1.03571428571
0.888888888889
0.964285714286
1.0
0.861111111111
1.14285714286
0.861111111111
1.0
0.928571428571
1.04761904762
1.0
0.928571428571
0.964285714286
0.964285714286
0.854545454545
0.794871794872
0.752380952381
0.783333333333
0.764705882353
0.868131868132
0.945454545455
0.818181818182
0.972222222222
1.14285714286
0
0
0
0
0
0
3.0
1.3
0.888888888889
0.854545454545
0.836363636364
0.944444444444
0.822222222222
0.944444444444
0.836363636364
0.854545454545
0.866666666667
0.818181818182
0.833333333333
0.809523809524
0.791666666667
0.738562091503
0.718954248366
0.727941176471
0.775
0.790476190476
0.833333333333
0.844444444444
0.964285714286
1.04761904762
1.33333333333
1.3
1.5
0.952380952381
1.06666666667
1.0
1.06666666667
0.964285714286
0.964285714286
0.928571428571
1.0
0.964285714286
1.0
1.0
1.04761904762
1.0
0.928571428571
1.0
0.888888888889
0.888888888889
0.888888888889
0.866666666667
0.782051282051
0.824175824176
0.868131868132
0.808333333333
0.786764705882
0.816666666667
0.775
0.78021978022
0.8
0.944444444444
1.14285714286
0
0
0
0
0
0
0
1.2
1.0
0.890909090909
0.911111111111
0.866666666667
0.964285714286
0.964285714286
0.916666666667
0.944444444444
0.944444444444
0.742424242424
0.848484848485
0.824175824176
0.838095238095
0.786764705882
0.779411764706
0.819047619048
0.846153846154
0.893939393939
0.916666666667
0.888888888889
0.928571428571
1.1
1.66666666667
1.66666666667
1.33333333333
1.5
1.66666666667
3.0
1.66666666667
1.0
1.04761904762
1.0
0.928571428571
1.09523809524
0.928571428571
1.0
0.928571428571
0.964285714286
1.0
0.888888888889
0.888888888889
0.888888888889
0.916666666667
0.911111111111
0.963636363636
0.871794871795
0.8
0.838095238095
0.757352941176
0.718954248366
0.790476190476
0.909090909091
0.933333333333
0.866666666667
1.26666666667
0
0
0
0
0
0
0
1.0
0.8
0.836363636364
0.781818181818
0.888888888889
0.964285714286
0.892857142857
1.26666666667
1.26666666667
1.0
0.944444444444
0.890909090909
0.833333333333
0.897435897436
0.828571428571
0.828571428571
0.89010989011
0.813186813187
0.911111111111
0.8
0.916666666667
1.04761904762
1.0
1.66666666667
3.0
0
1.66666666667
3.0
0
0
2.0
1.3
1.3
1.06666666667
0.952380952381
1.0
1.0
0.964285714286
0.888888888889
0.888888888889
0.888888888889
0.861111111111
1.09523809524
0.861111111111
0.8
0.807692307692
1.0
0.742857142857
0.752380952381
0.820512820513
0.742857142857
0.794871794872
0.833333333333
0.872727272727
0.844444444444
1.26666666667
0
0
0
0
0
2.0
0.964285714286
0.916666666667
0.866666666667
0.972222222222
0.844444444444
0.964285714286
1.13333333333
1.3
2.0
0
3.0
1.2
1.19047619048
1.04444444444
1.08888888889
1.06666666667
0.939393939394
1.02777777778
0
1.04761904762
0.822222222222
1.0
1.0
1.1
1.13333333333
1.3
2.0
0
3.0
1.5
1.2
1.33333333333
1.66666666667
1.66666666667
1.33333333333
1.33333333333
1.1
1.06666666667
0.892857142857
0.964285714286
0.964285714286
0.964285714286
1.2
0.904761904762
1.13333333333
0.964285714286
0.888888888889
0.8
0.844444444444
0.866666666667
0.8
0.836363636364
0.890909090909
0.833333333333
0.872727272727
0.888888888889
1.2
0
0
0
0
3.0
1.26666666667
0.972222222222
0.888888888889
0.8
0.944444444444
0.844444444444
1.0
1.13333333333
1.66666666667
0
0
0
0
0
0
0
0
3.0
0
0
1.10714285714
1.0
0.972222222222
0.833333333333
1.0
0.888888888889
1.01818181818
0
0
0
3.0
0.904761904762
1.3
1.0
1.66666666667
1.66666666667
1.66666666667
1.33333333333
1.0
1.06666666667
1.0
1.0
1.13333333333
1.0
1.33333333333
1.66666666667
1.0
0.952380952381
1.04761904762
0.916666666667
0.888888888889
0.888888888889
0.866666666667
0.836363636364
1.0
0.916666666667
0.952380952381
1.5
0
0
0
0
3.0
1.5
0.972222222222
0.911111111111
0.944444444444
0.944444444444
0.844444444444
0.916666666667
0.861111111111
2.0
0
0
0
0
0
0
0
0
0
0
0
0
0.868131868132
0.846153846154
0.772727272727
0.858974358974
0.879120879121
0.914285714286
1.25
0
0
0
0
2.0
0.904761904762
1.2
1.0
1.33333333333
1.66666666667
1.0
1.2
1.0
1.13333333333
1.0
1.0
1.33333333333
1.33333333333
1.0
1.0
1.2
0.928571428571
0.964285714286
0.861111111111
1.0
0.861111111111
1.0
0.892857142857
1.06666666667
1.66666666667
0
0
0
0
0
0
1.04761904762
0.861111111111
0.916666666667
0.888888888889
1.0
1.0
1.4
0
0
0
0
0
0
0
0
0
0
0
0
0
0.923076923077
0.841666666667
0.738562091503
0.794117647059
0.830882352941
0.882352941176
0
0
0
0
0
0
0
1.66666666667
1.13333333333
1.0
1.3
1.33333333333
1.0
1.0
1.06666666667
1.1
1.1
1.2
1.0
1.13333333333
1.13333333333
0.952380952381
1.0
1.0
1.04761904762
0.833333333333
0.964285714286
0.964285714286
1.04761904762
1.13333333333
1.66666666667
0
0
0
0
0
1.66666666667
1.33333333333
1.5
1.2
1.26666666667
1.2
1.66666666667
0
0
0
0
0
0
0
0
0
0
0
0
0
0
1.06060606061
0.895238095238
0.758169934641
0.726315789474
0.763157894737
0.980952380952
0.984848484848
3.0
0
0
0
0
0
0
1.5
1.06666666667
1.2
1.0
1.06666666667
1.0
1.0
1.0
0.952380952381
1.2
1.04761904762
0.861111111111
0.964285714286
0.928571428571
0.964285714286
0.964285714286
0.964285714286
1.0
0.888888888889
0.861111111111
1.0
1.06666666667
1.5
0
0
0
0
0
1.66666666667
1.2
1.3
1.66666666667
1.66666666667
3.0
0
0
0
0
0
0
0
0
0
0
0
0
0
0
0
0.981818181818
0.923076923077
1.0
0.721052631579
0.908333333333
1.08974358974
0
3.0
3.0
0
0
0
0
0
0
3.0
1.33333333333
1.2
1.3
1.13333333333
1.3
1.33333333333
1.06666666667
0.928571428571
0.964285714286
1.0
0.861111111111
0.964285714286
0.964285714286
1.0
0.916666666667
1.0
0.964285714286
1.04761904762
0.904761904762
1.0
1.33333333333
0
0
0
0
0
1.83333333333
1.03571428571
0.820512820513
1.01818181818
1.17857142857
1.13333333333
1.66666666667
3.0
0
0
0
0
0
0
0
0
0
0
0
0
0
1.14285714286
1.09523809524
0.954545454545
0.923076923077
1.10606060606
1.01515151515
2.0
0
1.66666666667
1.66666666667
1.66666666667
0
3.0
1.66666666667
1.1
2.0
0
3.0
1.66666666667
1.66666666667
1.2
1.1
1.33333333333
1.13333333333
1.0
0.928571428571
1.0
1.0
0.861111111111
0.888888888889
0.888888888889
0.833333333333
1.0
1.0
1.13333333333
1.0
1.33333333333
0
0
0
0
0
0
0.963235294118
0.921568627451
0.847953216374
0.89010989011
0.807692307692
1.0
1.25
0
0
0
0
0
0
0
0
0
0
0
0
0
1.83333333333
1.4
1.83333333333
1.28571428571
0
0
0
0
0
3.0
1.33333333333
1.66666666667
1.66666666667
1.66666666667
1.66666666667
2.0
0
2.0
2.0
0
0
3.0
1.66666666667
1.5
0.952380952381
1.0
0.928571428571
1.0
0.822222222222
0.866666666667
0.861111111111
0.964285714286
0.857142857143
1.13333333333
1.0
1.13333333333
1.2
0
0
0
0
0
0
0.933333333333
0.845849802372
0.844155844156
0.770562770563
0.707602339181
0.791666666667
0.981818181818
1.28571428571
2.0
3.0
3.0
0
0
0
0
0
0
0
0
0
1.4
1.09523809524
1.0
1.2
3.0
0
0
0
0
0
0
3.0
0
1.66666666667
1.66666666667
0
0
0
2.0
0
0
0
3.0
1.33333333333
1.06666666667
1.0
1.0
0.928571428571
0.916666666667
0.866666666667
0.888888888889
0.964285714286
1.13333333333
0.892857142857
1.04761904762
1.0
1.3
0
0
0
0
0
0
0.865942028986
0.909090909091
0.813333333333
0.693121693122
0.695652173913
0.81045751634
0.791666666667
0.890909090909
1.5
3.0
3.0
0
3.0
3.0
0
0
0
0
0
0
1.2
0.892857142857
0.928571428571
1.2
0
0
0
0
0
0
1.66666666667
1.0
1.3
1.1
1.33333333333
0
0
0
0
0
0
0
0
1.66666666667
1.5
1.3
0.952380952381
1.0
1.04761904762
0.888888888889
1.0
0.892857142857
1.06666666667
1.4
1.2
1.3
2.0
0
0
0
0
0
0.968421052632
0.885375494071
0.761904761905
0.753968253968
0.689655172414
0.70652173913
0.856209150327
0.838095238095
1.14285714286
2.0
0
0
0
0
0
0
0
0
0
0
2.0
1.2
1.13333333333
0.892857142857
1.4
1.5
0
0
0
0
0
1.5
1.0
1.0
0.952380952381
1.06666666667
2.0
0
0
3.0
1.66666666667
1.66666666667
3.0
3.0
1.66666666667
3.0
3.0
1.2
1.0
0.892857142857
0.952380952381
1.66666666667
0.933333333333
1.33333333333
1.66666666667
1.66666666667
1.66666666667
3.0
0
0
0
0
0
0.857142857143
0.833333333333
0.823333333333
0.698850574713
0.627956989247
0.753246753247
0.908333333333
0.948717948718
1.2
0
0
0
0
0
0
0
0
0
0
0
1.3
0.805555555556
0.964285714286
1.2
2.0
1.66666666667
1.66666666667
0
0
0
0
0.916666666667
1.2380952381
0.888888888889
1.0
1.04761904762
0.952380952381
1.66666666667
1.66666666667
1.5
1.2
1.33333333333
1.66666666667
1.66666666667
1.66666666667
0
0
2.0
1.06666666667
1.06666666667
1.2
1.66666666667
1.0
1.66666666667
1.66666666667
1.66666666667
1.33333333333
1.66666666667
0
0
0
0
0
0.912280701754
0.910526315789
0.811594202899
0.701058201058
0.701538461538
0.980952380952
0.790849673203
0
3.0
0
0
0
0
0
0
0
0
0
0
1.5
1.2
0.861111111111
0.888888888889
1.26666666667
0
0
3.0
0
0
0
1.4
0.972222222222
1.10714285714
1.07142857143
1.3
0.928571428571
0.964285714286
1.26666666667
1.26666666667
0.952380952381
1.1
1.33333333333
1.66666666667
1.66666666667
1.66666666667
0
0
1.66666666667
1.1
1.33333333333
1.66666666667
1.66666666667
1.33333333333
1.66666666667
3.0
3.0
1.33333333333
1.66666666667
0
0
0
0
0
0.891666666667
0.966666666667
0.954248366013
0.796536796537
0.836257309942
1.01282051282
0
0
0
0
0
0
0
0
0
0
0
0
0
1.2
0.892857142857
0.928571428571
0.888888888889
1.0
0
0
0
0
0
0
1.26666666667
1.09523809524
1.33333333333
0
0
1.2
1.0
1.0
1.04761904762
1.3
1.33333333333
1.66666666667
3.0
0
0
0
0
1.2
1.5
1.5
1.66666666667
0
3.0
3.0
3.0
3.0
0
0
0
0
0
0
1.5
1.07142857143
1.11111111111
0.971428571429
0.757894736842
1.07272727273
1.26666666667
0
0
0
0
0
0
0
0
0
0
0
0
2.0
1.83333333333
1.13333333333
0.833333333333
1.03571428571
1.33333333333
1.26666666667
0
0
0
0
0
2.0
0
0
0
1.66666666667
1.13333333333
0.928571428571
1.0
1.33333333333
1.66666666667
1.66666666667
3.0
3.0
3.0
0
0
0
1.3
1.13333333333
0.952380952381
1.0
1.3
3.0
0
0
0
0
0
0
0
0
0
3.0
3.0
2.0
0
0
0
3.0
0
0
0
0
0
0
0
0
0
0
0
3.0
1.4
1.0
1.4
0.928571428571
0.866666666667
0.781818181818
1.04761904762
1.3
0
0
0
0
0
0
0
1.66666666667
1.0
1.0
1.0
1.06666666667
1.5
0
1.66666666667
1.66666666667
1.66666666667
3.0
0
0
0
1.4
0.892857142857
1.13333333333
0.964285714286
1.26666666667
0
0
0
0
0
0
0
0
0
0
0
1.66666666667
3.0
0
0
0
0
0
0
0
0
0
0
0
0
0
0
0
0
0.964285714286
0.888888888889
0.964285714286
1.04761904762
0.888888888889
0.916666666667
0.964285714286
1.0
1.13333333333
2.0
0
0
0
0
0
1.66666666667
1.3
1.13333333333
0.928571428571
0.928571428571
1.03571428571
1.2380952381
0.928571428571
1.1
1.66666666667
1.66666666667
0
0
0
1.4
1.13333333333
1.06666666667
1.04761904762
1.4
0
0
0
0
0
0
0
0
0
0
0
0
0
0
0
0
0
0
0
0
0
0
0
0
0
0
0
0
0
1.19047619048
1.10714285714
0.888888888889
0.763636363636
0.964285714286
1.03571428571
0.916666666667
1.04761904762
1.0
1.13333333333
0
0
0
0
0
0
0
1.2
1.2
0.818181818182
0.933333333333
0.955555555556
1.03571428571
1.09523809524
0
1.33333333333
0
0
0
0
1.1
0.892857142857
1.2
0
0
0
0
0
0
0
0
0
0
0
0
0
0
0
0
0
0
0
0
0
0
0
0
0
0
0
0
0
0
1.19047619048
1.03571428571
1.2380952381
0.977777777778
0.888888888889
0.928571428571
0.928571428571
0.928571428571
0.952380952381
1.0
1.66666666667
0
0
0
0
3.0
3.0
3.0
0
0.911111111111
1.02777777778
0.911111111111
1.2
1.6
1.10714285714
1.09523809524
0
3.0
0
0
1.2
1.09523809524
1.09523809524
2.0
0
0
0
0
0
0
0
0
0
0
0
0
0
0
0
0
0
0
0
0
0
0
0
0
0
0
0
0
0
1.5
0
1.07142857143
0.818181818182
1.02777777778
1.04761904762
1.0
1.0
1.13333333333
1.66666666667
1.66666666667
3.0
3.0
1.66666666667
1.66666666667
3.0
0
0
0
1.46666666667
1.14285714286
0.972222222222
0.952380952381
0.861111111111
0.911111111111
1.10714285714
1.0
1.33333333333
0
0
2.0
1.04761904762
1.4
0
0
0
0
0
0
0
0
0
0
0
0
0
0
0
0
0
0
0
0
0
0
0
0
0
0
0
0
0
0
0
1.66666666667
1.3
1.19047619048
1.28571428571
1.14285714286
1.3
1.3
1.3
2.0
3.0
1.66666666667
0
0
3.0
1.66666666667
3.0
0
0
0
1.4
1.2
1.4
1.4
1.04761904762
1.4
1.5
0
0
0
3.0
3.0
0
0
0
0
0
0
0
0
