0
0
0
0
0
0
0
0
0
0
0
0
0
0
0
0
1.27777777778
1.18181818182
0.948529411765
0.947368421053
0.935064935065
0.95256916996
0.880952380952
0.848790322581
0.825396825397
0.783333333333
0.800664451827
0.833887043189
0.831884057971
0.849275362319
0.81683626272
0.822812846069
0.868253968254
0.855555555556
0.82995951417
0.809523809524
0.815010570825
0.7961352657
0.831672203765
0.857317073171
0.860597439545
0.877005347594
0.877492877493
0.802371541502
0.842105263158
0.883040935673
0.884210526316
0.921052631579
0.885714285714
0.885714285714
0.993464052288
0.918128654971
0.847368421053
0.904411764706
0.92380952381
0.914285714286
0.942857142857
0.831578947368
0.900584795322
1.025
1.025
1.10989010989
1.23636363636
0
0
0
0
0
0
0
0
0
0
0
0
0
0
1.01666666667
0.842105263158
0.926470588235
0.868421052632
0.804347826087
0.806878306878
0.811494252874
0.827651515152
0.795163584637
0.763213530655
0.759481961147
0.735849056604
0.754208754209
0.804332634521
0.79025974026
0.773744706594
0.766883116883
0.748911465893
0.751773049645
0.775845410628
0.78280141844
0.746331236897
0.729398012858
0.729398012858
0.776018099548
0.816425120773
0.839024390244
0.809523809524
0.788505747126
0.76
0.794466403162
0.763333333333
0.746031746032
0.821538461538
0.812307692308
0.793846153846
0.857707509881
0.786666666667
0.786561264822
0.795238095238
0.80701754386
0.812865497076
0.8
0.795238095238
0.813852813853
0.852380952381
0.852380952381
0.912280701754
1.05494505495
0
0
0
0
0
0
0
0
0
0
0
0
0
0.986928104575
0.970760233918
0.878787878788
0.75
0.732804232804
0.722580645161
0.705705705706
0.714634146341
0.75493612079
0.753623188406
0.721719457014
0.725252525253
0.716552088842
0.730769230769
0.742191142191
0.742657342657
0.751152073733
0.72078265468
0.686409307245
0.711688311688
0.718181818182
0.719462302747
0.679982440737
0.682438192668
0.701165501166
0.748120300752
0.819323671498
0.761099365751
0.731443994602
0.742528735632
0.692118226601
0.704433497537
0.688172043011
0.729032258065
0.715909090909
0.791005291005
0.743842364532
0.763532763533
0.776666666667
0.760869565217
0.754940711462
0.744588744589
0.731601731602
0.715415019763
0.735177865613
0.701538461538
0.713846153846
0.72
0.753623188406
0.882352941176
0
0
0
0
0
0
0
0
0
0
0
0
0
0.841897233202
0.865942028986
0.803076923077
0.683467741935
0.663101604278
0.678678678679
0.655555555556
0.673469387755
0.701357466063
0.713487071978
0.711779448622
0.698908730159
0.703751065644
0.701293759513
0.70418363569
0.693446871529
0.671603109959
0.6523138833
0.659673659674
0.679467485919
0.696924603175
0.647908182155
0.661236579045
0.675799086758
0.686542443064
0.712568306011
0.745882352941
0.713228492137
0.664102564103
0.650793650794
0.652406417112
0.648739495798
0.612820512821
0.662162162162
0.700840336134
0.707664884135
0.646031746032
0.703448275862
0.723646723647
0.726666666667
0.717391304348
0.695652173913
0.714285714286
0.742857142857
0.692028985507
0.658461538462
0.645502645503
0.721014492754
0.847953216374
1.01098901099
0
0
0
0
0
0
0
0
0
0
0
0
0.844155844156
0.743842364532
0.747126436782
0.697580645161
0.649206349206
0.648648648649
0.626086956522
0.635703918723
0.646616541353
0.675136116152
0.683606557377
0.68344988345
0.687010954617
0.685577580314
0.685314685315
0.668827160494
0.646793134598
0.616514839847
0.620984278879
0.646277665996
0.662830349531
0.640701754386
0.615605278256
0.664046479836
0.694835680751
0.695225916454
0.678365384615
0.672932330827
0.641998149861
0.69243697479
0.693404634581
0.675630252101
0.654338549075
0.641025641026
0.64358974359
0.702521008403
0.69243697479
0.6875
0.625
0.68
0.695652173913
0.714285714286
0.69696969697
0.728571428571
0.733333333333
0.705627705628
0.695652173913
0.692028985507
0.710144927536
0.836257309942
1.0
0
0
0
0
0
0
0
0
0
0
1.23636363636
0.953216374269
0.81
0.657142857143
0.665546218487
0.655555555556
0.652916073969
0.648083623693
0.599326599327
0.642207792208
0.681168831169
0.695704779189
0.692268305172
0.676447574335
0.68031968032
0.680696202532
0.674074074074
0.640218878249
0.616771159875
0.611015490534
0.642105263158
0.635087719298
0.626095423564
0.638291139241
0.635321774904
0.675324675325
0.680118474639
0.6686228482
0.645302897278
0.62656641604
0.674253200569
0.715909090909
0.718360071301
0.726050420168
0.666666666667
0.632984901278
0.662618083671
0.723707664884
0.674603174603
0.709677419355
0.64367816092
0.646153846154
0.679841897233
0.72380952381
0.719047619048
0.714285714286
0.742105263158
0.719047619048
0.727272727273
0.74025974026
0.719367588933
0.794736842105
0.914285714286
0
0
0
0
0
0
0
0
0
0
1.15384615385
1.00653594771
0.6875
0.609986504723
0.620782726046
0.622531939605
0.632323232323
0.654949121184
0.612781954887
0.656493506494
0.661016949153
0.665130568356
0.674339300938
0.672590567327
0.666975308642
0.664413752571
0.659208261618
0.649168100975
0.619887730553
0.638964167419
0.641358024691
0.614565826331
0.589743589744
0.624369747899
0.670561506005
0.70307293595
0.685312024353
0.691375291375
0.631448412698
0.619680851064
0.666666666667
0.718360071301
0.71746031746
0.71021021021
0.694167852063
0.701201201201
0.75
0.700840336134
0.687394957983
0.714942528736
0.709401709402
0.695384615385
0.702898550725
0.684782608696
0.692640692641
0.7
0.695238095238
0.752631578947
0.738095238095
0.707509881423
0.688405797101
0.801169590643
0.967032967033
0
0
0
0
0
0
0
0
0
0
0.959064327485
0.861660079051
0.650793650794
0.620512820513
0.617940199336
0.632850241546
0.663768115942
0.665816326531
0.638961038961
0.661027568922
0.640552995392
0.644424934153
0.659099099099
0.678321678322
0.679746835443
0.65834767642
0.636102403344
0.633787757284
0.640616246499
0.646299483649
0.650014692918
0.595605423095
0.58320268757
0.609805924413
0.669263226225
0.68972972973
0.717322478517
0.658741258741
0.642424242424
0.616832779623
0.666666666667
0.68018018018
0.684210526316
0.715873015873
0.672064777328
0.668016194332
0.677098150782
0.674174174174
0.6875
0.714285714286
0.741538461538
0.714285714286
0.72
0.717391304348
0.688405797101
0.709523809524
0.690476190476
0.747368421053
0.768421052632
0.709956709957
0.714285714286
0.783625730994
0.956043956044
0
0
0
0
0
0
0
0
0
0
0.784615384615
0.720430107527
0.663492063492
0.658974358974
0.642424242424
0.64804964539
0.690821256039
0.670204081633
0.637012987013
0.611367127496
0.609306409131
0.619099099099
0.657894736842
0.687368421053
0.6630532972
0.656052782559
0.622971285893
0.648459383754
0.664707610932
0.653625170999
0.641849529781
0.596864261168
0.567920792079
0.598423315815
0.68701754386
0.701408450704
0.746448087432
0.692857142857
0.640070921986
0.663865546218
0.660504201681
0.707664884135
0.695238095238
0.674174174174
0.649122807018
0.649122807018
0.711229946524
0.668907563025
0.621848739496
0.692118226601
0.709359605911
0.694252873563
0.687192118227
0.689458689459
0.731225296443
0.747619047619
0.72380952381
0.69696969697
0.752631578947
0.701298701299
0.692640692641
0.838235294118
0.956043956044
0
0
0
0
0
0
0
0
0
0.79347826087
0.753968253968
0.717741935484
0.667140825036
0.679268292683
0.688160676533
0.673450508788
0.650196078431
0.641509433962
0.623376623377
0.614260666277
0.606965174129
0.629375951294
0.665309144761
0.686486486486
0.666455696203
0.645378151261
0.638064688586
0.655540355677
0.670868347339
0.675070028011
0.638318203536
0.590297029703
0.573286740439
0.613125638407
0.688736681887
0.724519230769
0.758922558923
0.755781683626
0.685560053981
0.639928698752
0.673387096774
0.6875
0.698863636364
0.627311522048
0.621621621622
0.700757575758
0.737634408602
0.671370967742
0.578078078078
0.642045454545
0.686021505376
0.703448275862
0.687192118227
0.669312169312
0.785714285714
0.761904761905
0.801169590643
0.705627705628
0.719047619048
0.714285714286
0.692640692641
0.81045751634
1.0
0
0
0
0
0
0
0
0
0.963235294118
0.756923076923
0.72183908046
0.688057040998
0.64512195122
0.66067653277
0.656028368794
0.673758865248
0.638763197587
0.619846261356
0.621915820029
0.612337662338
0.594230769231
0.612633181126
0.654109589041
0.677897075157
0.640469738031
0.64314400459
0.642074311681
0.670028011204
0.682072829132
0.679764768778
0.633771929825
0.585897435897
0.56046720575
0.590229079009
0.659649122807
0.718138551031
0.754901960784
0.744483159117
0.712121212121
0.684729064039
0.701058201058
0.740740740741
0.740740740741
0.664367816092
0.689655172414
0.710344827586
0.730158730159
0.641129032258
0.607843137255
0.643939393939
0.690322580645
0.690322580645
0.651612903226
0.656084656085
0.658461538462
0.727272727273
0.74025974026
0.707509881423
0.718614718615
0.701298701299
0.72380952381
0.81045751634
0.956043956044
0
0
0
0
0
0
0
1.14102564103
0.833992094862
0.711822660099
0.652406417112
0.623481781377
0.680769230769
0.709639953542
0.663120567376
0.65306122449
0.628959276018
0.612481857765
0.630204081633
0.622745098039
0.604324956166
0.619114219114
0.660334690185
0.661719939117
0.642721518987
0.657716049383
0.650068399453
0.679616963064
0.697478991597
0.687946884576
0.637492110246
0.591941391941
0.572255414488
0.589527816737
0.623034859877
0.666666666667
0.690980392157
0.658536585366
0.665322580645
0.689458689459
0.680911680912
0.72
0.726153846154
0.678062678063
0.68660968661
0.723076923077
0.685185185185
0.640860215054
0.721674876847
0.685483870968
0.67803030303
0.674242424242
0.661290322581
0.647783251232
0.667692307692
0.696666666667
0.706666666667
0.747035573123
0.69
0.699604743083
0.738095238095
0.783625730994
0.945054945055
0
0
0
0
0
0
0
0.853754940711
0.787692307692
0.766381766382
0.657196969697
0.59756097561
0.670731707317
0.69133192389
0.652210884354
0.662234042553
0.622745098039
0.620408163265
0.629432624113
0.630102040816
0.626269956459
0.640977443609
0.645161290323
0.642655935614
0.641831852358
0.661728395062
0.643513789581
0.66862026862
0.647801388597
0.663815789474
0.640280354566
0.598954443615
0.591630591631
0.582417582418
0.604590892262
0.587301587302
0.627906976744
0.608108108108
0.645320197044
0.686666666667
0.602298850575
0.650793650794
0.703333333333
0.669515669516
0.689230769231
0.735507246377
0.630107526882
0.640151515152
0.703225806452
0.658823529412
0.679144385027
0.722580645161
0.701612903226
0.668817204301
0.679894179894
0.726153846154
0.729230769231
0.679894179894
0.68660968661
0.683333333333
0.699604743083
0.830065359477
1.0
0
0
0
0
0
0
0
0.849230769231
0.831908831909
0.747126436782
0.626890756303
0.61673414305
0.655052264808
0.662801932367
0.662349676226
0.662349676226
0.648473635523
0.624113475177
0.640579710145
0.628401360544
0.642857142857
0.641779788839
0.630040911748
0.618499573743
0.623043623044
0.622471910112
0.619819061645
0.654209621993
0.632781267847
0.646060606061
0.644645487061
0.643788606726
0.628192032686
0.614240506329
0.616346153846
0.659619450317
0.711229946524
0.686021505376
0.659770114943
0.671957671958
0.664021164021
0.634482758621
0.655172413793
0.634482758621
0.647783251232
0.68253968254
0.636363636364
0.668560606061
0.663865546218
0.666666666667
0.665165165165
0.699159663866
0.715909090909
0.661319073084
0.632798573975
0.680459770115
0.71164021164
0.692118226601
0.712250712251
0.689230769231
0.673333333333
0.801169590643
0.956043956044
0
0
0
0
0
0
0.987012987013
0.934782608696
0.849206349206
0.717803030303
0.589743589744
0.620782726046
0.652729384437
0.675475687104
0.660869565217
0.636524822695
0.616496598639
0.619680851064
0.617346938776
0.651248843663
0.641156462585
0.644557823129
0.584153005464
0.623776223776
0.626419993509
0.639700374532
0.625858585859
0.658741847254
0.635604736944
0.650957290133
0.652407614782
0.68098495212
0.658641975309
0.682692307692
0.634238310709
0.671794871795
0.718360071301
0.711827956989
0.694623655914
0.712643678161
0.679435483871
0.671370967742
0.689655172414
0.647177419355
0.639112903226
0.694252873563
0.664772727273
0.665546218487
0.65015015015
0.624358974359
0.647773279352
0.669985775249
0.671171171171
0.675630252101
0.631746031746
0.673387096774
0.681720430108
0.706896551724
0.726495726496
0.692307692308
0.648148148148
0.719367588933
0.9
0
0
0
0
0
0
0.934782608696
0.934782608696
0.846560846561
0.660660660661
0.648841354724
0.645803698435
0.663414634146
0.676633444075
0.650241545894
0.625
0.620567375887
0.626773049645
0.659903381643
0.660499537465
0.642857142857
0.623673469388
0.59649122807
0.630483943917
0.61933448078
0.642140468227
0.645487060804
0.647289218718
0.65899122807
0.680149812734
0.694957983193
0.698301698302
0.689026915114
0.6835839599
0.70487804878
0.691322901849
0.663663663664
0.672268907563
0.680926916221
0.710227272727
0.675630252101
0.655555555556
0.737634408602
0.685483870968
0.653225806452
0.743386243386
0.676136363636
0.644144144144
0.65015015015
0.680672268908
0.660660660661
0.68253968254
0.729166666667
0.666666666667
0.646031746032
0.666666666667
0.679435483871
0.724137931034
0.689655172414
0.689655172414
0.685185185185
0.814285714286
0.990476190476
0
0
0
0
0
0
0.843304843305
0.849002849003
0.745967741935
0.623481781377
0.681818181818
0.668563300142
0.65737514518
0.65644820296
0.629972247919
0.628122109158
0.623226950355
0.649398704903
0.653368794326
0.678260869565
0.64804964539
0.614693877551
0.614814814815
0.654454997739
0.636546184739
0.664713064713
0.638333683989
0.672043010753
0.671306471306
0.694369165914
0.673765432099
0.667080745342
0.647276573242
0.652549019608
0.680769230769
0.687687687688
0.705882352941
0.645074224022
0.649122807018
0.675675675676
0.634615384615
0.663663663664
0.752688172043
0.691287878788
0.616806722689
0.681720430108
0.711827956989
0.667226890756
0.688057040998
0.711693548387
0.655555555556
0.655555555556
0.704545454545
0.665546218487
0.621621621622
0.650623885918
0.681451612903
0.731527093596
0.710344827586
0.691954022989
0.708994708995
0.847619047619
0.908496732026
0
0
0
0
0
0
0.783251231527
0.763440860215
0.648648648649
0.62012012012
0.69696969697
0.64358974359
0.646733111849
0.651162790698
0.65221987315
0.666666666667
0.659595959596
0.650709219858
0.665780141844
0.68309178744
0.658937198068
0.625886524823
0.625939849624
0.632792792793
0.650700280112
0.677377220481
0.676404494382
0.693296853625
0.682157200229
0.673333333333
0.632745364089
0.624196376388
0.602693602694
0.628122109158
0.627906976744
0.632926829268
0.65
0.648780487805
0.645760743322
0.674763832659
0.652564102564
0.650472334683
0.781609195402
0.700757575758
0.638146167558
0.619047619048
0.674242424242
0.673796791444
0.683712121212
0.751322751323
0.690322580645
0.659274193548
0.665322580645
0.655303030303
0.653409090909
0.679435483871
0.679435483871
0.71724137931
0.712643678161
0.711822660099
0.71164021164
0.74
0.842105263158
0
0
0
0
0
0.891304347826
0.80056980057
0.714015151515
0.655555555556
0.659090909091
0.68449197861
0.668563300142
0.662195121951
0.655592469546
0.649048625793
0.647474747475
0.673361522199
0.713178294574
0.674375578168
0.680808080808
0.668076109937
0.609693877551
0.62828755114
0.641081081081
0.661769027329
0.693505730238
0.683473389356
0.701071080818
0.696981891348
0.640873015873
0.657254901961
0.673429951691
0.616496598639
0.616161616162
0.605758582503
0.652564102564
0.684210526316
0.665505226481
0.633816425121
0.648947951274
0.611111111111
0.61310782241
0.716577540107
0.731182795699
0.657754010695
0.650623885918
0.653781512605
0.657142857143
0.664884135472
0.743386243386
0.694252873563
0.649462365591
0.665024630542
0.701058201058
0.689655172414
0.706896551724
0.698850574713
0.703448275862
0.701149425287
0.675862068966
0.667487684729
0.750988142292
0.933333333333
0
0
0
0
0.87
0.798941798942
0.775862068966
0.73185483871
0.658823529412
0.649621212121
0.715725806452
0.675675675676
0.681511470985
0.662020905923
0.641649048626
0.657505285412
0.663636363636
0.696617336152
0.663274745606
0.673361522199
0.658914728682
0.627551020408
0.642076502732
0.658059467919
0.669330669331
0.695830485304
0.686315789474
0.678068410463
0.657627118644
0.636617749825
0.696618357488
0.717770034843
0.664451827243
0.623477297896
0.615725359911
0.656097560976
0.702564102564
0.668686868687
0.636054421769
0.632978723404
0.612588652482
0.602220166512
0.687687687688
0.686274509804
0.679924242424
0.724137931034
0.740229885057
0.683712121212
0.670231729055
0.756613756614
0.754985754986
0.747692307692
0.713846153846
0.716666666667
0.701538461538
0.700854700855
0.684729064039
0.647311827957
0.703703703704
0.729230769231
0.672364672365
0.784210526316
0.956043956044
0
0
0
1.0522875817
0.873517786561
0.873517786561
0.749425287356
0.70564516129
0.657196969697
0.653225806452
0.689393939394
0.700840336134
0.685633001422
0.659756097561
0.633192389006
0.641414141414
0.686600221484
0.694352159468
0.664646464646
0.675958188153
0.635658914729
0.640957446809
0.651002506266
0.674125874126
0.692668371697
0.693167701863
0.68344988345
0.631147540984
0.646304675716
0.677304964539
0.729789590255
0.696566998893
0.656699889258
0.605050505051
0.602220166512
0.654106280193
0.670212765957
0.693802035153
0.65568627451
0.642352941176
0.640816326531
0.668076109937
0.686585365854
0.633333333333
0.632132132132
0.697580645161
0.676136363636
0.67803030303
0.664772727273
0.703448275862
0.719576719577
0.750769230769
0.723076923077
0.686153846154
0.635327635328
0.646723646724
0.672364672365
0.716666666667
0.735507246377
0.706666666667
0.727272727273
0.795321637427
0.956043956044
0
0
0
0.926315789474
0.941176470588
0.878787878788
0.731527093596
0.657196969697
0.645977011494
0.613190730838
0.645378151261
0.684033613445
0.672830725462
0.658974358974
0.648780487805
0.637373737374
0.669133192389
0.7
0.681707317073
0.634551495017
0.630021141649
0.645698427382
0.710034013605
0.67987012987
0.676836158192
0.65873015873
0.623728813559
0.637551020408
0.660460992908
0.667553191489
0.726467331118
0.713414634146
0.681511470985
0.667948717949
0.665656565657
0.669217687075
0.677647058824
0.72695035461
0.681422351234
0.642857142857
0.63569023569
0.67992599445
0.701509872242
0.642276422764
0.634423897582
0.630630630631
0.660504201681
0.647058823529
0.642045454545
0.609625668449
0.616935483871
0.669312169312
0.671957671958
0.68
0.679841897233
0.705627705628
0.738095238095
0.757142857143
0.711462450593
0.707509881423
0.727272727273
0.801169590643
0.967032967033
0
0
0
0.980952380952
0.958333333333
0.787878787879
0.659770114943
0.645320197044
0.677248677249
0.668817204301
0.652406417112
0.648648648649
0.672672672673
0.653171390013
0.665317139001
0.637420718816
0.672473867596
0.674390243902
0.632336655592
0.628048780488
0.619191919192
0.671247357294
0.686956521739
0.66612244898
0.646274509804
0.572881355932
0.562962962963
0.622448979592
0.681818181818
0.689898989899
0.735897435897
0.710256410256
0.638792102207
0.692307692308
0.684848484848
0.692176870748
0.709803921569
0.720965309201
0.64802259887
0.62823902697
0.645493042952
0.673725490196
0.686868686869
0.648484848485
0.654520917679
0.682352941176
0.680672268908
0.724731182796
0.756613756614
0.71164021164
0.704615384615
0.68
0.715415019763
0.699604743083
0.701298701299
0.705627705628
0.705627705628
0.72380952381
0.72380952381
0.705627705628
0.718614718615
0.83660130719
0.967032967033
0
0
0
0.910256410256
0.828571428571
0.738095238095
0.652173913043
0.742753623188
0.692118226601
0.681451612903
0.668449197861
0.653968253968
0.659159159159
0.641025641026
0.648717948718
0.646733111849
0.678048780488
0.670731707317
0.62569213732
0.629487179487
0.62156448203
0.662236987818
0.63459759482
0.622340425532
0.614361702128
0.591836734694
0.582857142857
0.639393939394
0.696864111498
0.676633444075
0.73399715505
0.677462887989
0.611295681063
0.654485049834
0.7
0.674208144796
0.692522711391
0.674531155475
0.620192307692
0.606965174129
0.630354309889
0.652255639098
0.677551020408
0.664734299517
0.662195121951
0.685714285714
0.748387096774
0.735483870968
0.718279569892
0.746031746032
0.746666666667
0.676923076923
0.691699604743
0.709956709957
0.687747035573
0.699604743083
0.718614718615
0.69696969697
0.771929824561
0.752631578947
0.714285714286
0.830065359477
0.967032967033
0
2.0
0.769230769231
1.06666666667
0.8
0.75
0.658008658009
0.723076923077
0.721674876847
0.735632183908
0.695075757576
0.667226890756
0.65873015873
0.657657657658
0.630662020906
0.650055370986
0.679268292683
0.655592469546
0.619450317125
0.620731707317
0.62950058072
0.702702702703
0.667828106852
0.654334038055
0.617021276596
0.627053140097
0.609620721554
0.668989547038
0.678048780488
0.685897435897
0.701201201201
0.608536585366
0.602787456446
0.648947951274
0.62443438914
0.624924379915
0.64406779661
0.640401903755
0.639528929852
0.670952659264
0.639890710383
0.679461279461
0.697142857143
0.65306122449
0.623477297896
0.638691322902
0.677361853832
0.6875
0.654188948307
0.691954022989
0.726153846154
0.68
0.656666666667
0.687747035573
0.695652173913
0.735177865613
0.739130434783
0.722943722944
0.671936758893
0.747368421053
0.733333333333
0.823529411765
1.0
3.0
1.10714285714
1.02222222222
0.924242424242
0.75
0.766666666667
0.63768115942
0.732307692308
0.690322580645
0.677361853832
0.680926916221
0.677361853832
0.652380952381
0.665079365079
0.643902439024
0.646934460888
0.696341463415
0.686411149826
0.658536585366
0.635365853659
0.674253200569
0.693657219973
0.679442508711
0.663636363636
0.680761099366
0.661733615222
0.646934460888
0.668292682927
0.674763832659
0.692063492063
0.608636977058
0.62012012012
0.630229419703
0.663182346109
0.636734693878
0.637037037037
0.639392168323
0.670296430732
0.673926194797
0.692207792208
0.695317959469
0.690045248869
0.679421768707
0.64347826087
0.655761024182
0.648841354724
0.671370967742
0.660984848485
0.66935483871
0.667338709677
0.633064516129
0.680911680912
0.727272727273
0.74025974026
0.70652173913
0.724637681159
0.716666666667
0.762845849802
0.761904761905
0.683794466403
0.705627705628
0.823529411765
0.987179487179
1.13333333333
1.09523809524
1.11111111111
0.846153846154
0.780952380952
0.718954248366
0.695652173913
0.703703703704
0.696774193548
0.693181818182
0.69696969697
0.670231729055
0.666666666667
0.635627530364
0.645760743322
0.653535353535
0.654106280193
0.683277962348
0.679487179487
0.654520917679
0.64512195122
0.694871794872
0.694541231127
0.68710359408
0.640957446809
0.650241545894
0.635353535354
0.648083623693
0.625609756098
0.630156472262
0.62012012012
0.655462184874
0.672672672673
0.692307692308
0.679797979798
0.682624113475
0.665269042628
0.651629072682
0.671428571429
0.670033670034
0.692549019608
0.703052728955
0.648473635523
0.65641025641
0.651209677419
0.700854700855
0.662068965517
0.703448275862
0.694623655914
0.698924731183
0.620168067227
0.65376344086
0.796536796537
0.739130434783
0.600985221675
0.673846153846
0.73
0.671957671958
0.716666666667
0.673846153846
0.684782608696
0.789473684211
0.987179487179
1.83333333333
1.0
0.8
0.807692307692
0.790476190476
0.666666666667
0.715415019763
0.723076923077
0.701149425287
0.701612903226
0.677361853832
0.657754010695
0.645378151261
0.650071123755
0.646733111849
0.657004830918
0.682875264271
0.707317073171
0.692307692308
0.635897435897
0.620202020202
0.650505050505
0.695702671312
0.658937198068
0.626700680272
0.643434343434
0.687179487179
0.668016194332
0.674603174603
0.709677419355
0.681818181818
0.709677419355
0.705882352941
0.6996996997
0.664904862579
0.692389006342
0.679078014184
0.714153561517
0.696428571429
0.684523809524
0.693719806763
0.706097560976
0.713012477718
0.660215053763
0.65811965812
0.696666666667
0.679802955665
0.706896551724
0.731034482759
0.691532258065
0.679435483871
0.64314516129
0.757246376812
0.728260869565
0.661538461538
0.683333333333
0.726666666667
0.756666666667
0.690476190476
0.677248677249
0.692307692308
0.757142857143
0.987179487179
0
1.3
1.09523809524
0.927272727273
0.690058479532
0.710526315789
0.699275362319
0.778985507246
0.653225806452
0.683467741935
0.696774193548
0.643493761141
0.659090909091
0.621951219512
0.656699889258
0.692137320044
0.730769230769
0.711538461538
0.648780487805
0.617948717949
0.64756097561
0.705128205128
0.720647773279
0.7
0.641649048626
0.620507399577
0.653846153846
0.652916073969
0.668907563025
0.716129032258
0.746305418719
0.731034482759
0.691622103387
0.705882352941
0.702702702703
0.721794871795
0.720731707317
0.698781838317
0.693244739756
0.666666666667
0.664295874822
0.698924731183
0.703703703704
0.7
0.703557312253
0.695652173913
0.713768115942
0.709401709402
0.71921182266
0.719540229885
0.683870967742
0.668965517241
0.73
0.761904761905
0.742857142857
0.695652173913
0.698461538462
0.717948717949
0.747692307692
0.7150997151
0.713846153846
0.743083003953
0.883333333333
0
0
0.928571428571
0.771428571429
0.689473684211
0.704761904762
0.74025974026
0.73
0.671264367816
0.66935483871
0.675268817204
0.647177419355
0.653409090909
0.663663663664
0.679268292683
0.731443994602
0.709756097561
0.687804878049
0.636585365854
0.611336032389
0.689189189189
0.762923351159
0.754621848739
0.74126984127
0.660256410256
0.647773279352
0.634278002699
0.615384615385
0.617117117117
0.653409090909
0.645833333333
0.665322580645
0.705747126437
0.672348484848
0.651651651652
0.651282051282
0.690958164642
0.679943100996
0.69696969697
0.61746031746
0.637096774194
0.73
0.706666666667
0.68
0.722943722944
0.714285714286
0.738095238095
0.69
0.726666666667
0.741538461538
0.708994708995
0.690476190476
0.686666666667
0.728571428571
0.667984189723
0.707509881423
0.739130434783
0.775362318841
0.677339901478
0.732307692308
0.716923076923
0.743083003953
0.916666666667
0
0
1.4
0.846153846154
0.736842105263
0.760233918129
0.722943722944
0.723333333333
0.689655172414
0.655241935484
0.668817204301
0.645161290323
0.664516129032
0.69696969697
0.688477951636
0.773109243697
0.707152496626
0.649245063879
0.640113798009
0.603129445235
0.650793650794
0.685714285714
0.74053030303
0.683183183183
0.693650793651
0.66966966967
0.704099821747
0.689839572193
0.661319073084
0.632798573975
0.674876847291
0.68253968254
0.660098522167
0.709401709402
0.682266009852
0.657258064516
0.655303030303
0.680459770115
0.689230769231
0.661538461538
0.688405797101
0.757575757576
0.753246753247
0.688405797101
0.722943722944
0.738095238095
0.752631578947
0.705627705628
0.752380952381
0.735177865613
0.721014492754
0.723320158103
0.683794466403
0.666666666667
0.675324675325
0.733333333333
0.74025974026
0.683076923077
0.701538461538
0.675213675214
0.743083003953
0.780952380952
0.942857142857
0
0
0
0.984848484848
0.730994152047
0.808823529412
0.747619047619
0.713333333333
0.682266009852
0.699507389163
0.723646723647
0.650574712644
0.634408602151
0.657196969697
0.704099821747
0.736185383244
0.692192192192
0.623170731707
0.664884135472
0.701149425287
0.647727272727
0.601706970128
0.610256410256
0.680952380952
0.665317139001
0.677098150782
0.663967611336
0.687687687688
0.69696969697
0.691532258065
0.719576719577
0.771739130435
0.652421652422
0.710144927536
0.766233766234
0.743083003953
0.735177865613
0.752380952381
0.704761904762
0.704761904762
0.666666666667
0.715415019763
0.699275362319
0.719367588933
0.699604743083
0.705627705628
0.726315789474
0.7
0.731578947368
0.72380952381
0.718614718615
0.695652173913
0.714285714286
0.680952380952
0.8
0.726315789474
0.728571428571
0.703557312253
0.67
0.688405797101
0.707509881423
0.83660130719
1.0
0
0
2.0
1.07272727273
0.786764705882
0.719298245614
0.752631578947
0.693333333333
0.669950738916
0.714285714286
0.708994708995
0.650574712644
0.634482758621
0.672413793103
0.660984848485
0.668449197861
0.639682539683
0.636507936508
0.63025210084
0.688172043011
0.69247311828
0.633633633634
0.647226173542
0.663967611336
0.697012802276
0.674358974359
0.648083623693
0.639953542393
0.672830725462
0.68449197861
0.690322580645
0.73
0.673333333333
0.659420289855
0.701298701299
0.688311688312
0.65367965368
0.678947368421
0.7
0.675324675325
0.709956709957
0.707509881423
0.676666666667
0.753246753247
0.707509881423
0.675889328063
0.695238095238
0.72514619883
0.72514619883
0.715789473684
0.679841897233
0.761904761905
0.752380952381
0.754385964912
0.672514619883
0.732026143791
0.771241830065
0.845588235294
0.688311688312
0.664031620553
0.705627705628
0.81045751634
0.987179487179
0
0
0
1.07272727273
0.772058823529
0.719298245614
0.742105263158
0.77619047619
0.760869565217
0.717948717949
0.703703703704
0.672413793103
0.645320197044
0.627956989247
0.682266009852
0.636363636364
0.634581105169
0.648841354724
0.633333333333
0.621621621622
0.631578947368
0.684033613445
0.687687687688
0.719047619048
0.719219219219
0.695006747638
0.655052264808
0.65487804878
0.701587301587
0.67731092437
0.681451612903
0.664021164021
0.691699604743
0.719047619048
0.692640692641
0.803921568627
0.797385620915
0.74269005848
0.704761904762
0.705627705628
0.735930735931
0.771428571429
0.699275362319
0.77619047619
0.707509881423
0.701298701299
0.760233918129
0.74269005848
0.719298245614
0.7
0.69696969697
0.757142857143
0.757142857143
0.845588235294
0.705882352941
0.780952380952
0.684210526316
0.758169934641
0.690476190476
0.675324675325
0.719047619048
0.803921568627
0.974358974359
0
0
0
0
0.910256410256
0.772058823529
0.801470588235
0.738095238095
0.706666666667
0.723076923077
0.690476190476
0.685185185185
0.677248677249
0.660098522167
0.685185185185
0.647177419355
0.654188948307
0.67731092437
0.677177177177
0.690690690691
0.677098150782
0.65
0.635307781649
0.641114982578
0.649245063879
0.617171717172
0.636766334441
0.634146341463
0.653171390013
0.638326585695
0.67803030303
0.666666666667
0.676666666667
0.72380952381
0.714285714286
0.714285714286
0.742105263158
0.760233918129
0.742105263158
0.709956709957
0.757142857143
0.735930735931
0.695652173913
0.695652173913
0.722943722944
0.718614718615
0.714285714286
0.715789473684
0.705263157895
0.705263157895
0.709523809524
0.709956709957
0.757894736842
0.816176470588
0.761904761905
0.8
0.742647058824
0.730994152047
0.726315789474
0.742105263158
0.72380952381
0.803921568627
0.974358974359
0
0
0
0
1.08333333333
0.879120879121
0.758169934641
0.704761904762
0.688405797101
0.689230769231
0.666666666667
0.68660968661
0.65763546798
0.679894179894
0.685185185185
0.662068965517
0.661319073084
0.709243697479
0.727731092437
0.733333333333
0.749579831933
0.671794871795
0.646922183508
0.669230769231
0.689900426743
0.668016194332
0.617940199336
0.649122807018
0.657183499289
0.652916073969
0.733870967742
0.70752688172
0.706552706553
0.709956709957
0.714285714286
0.728571428571
0.747368421053
0.726315789474
0.704761904762
0.728571428571
0.714285714286
0.714285714286
0.671936758893
0.69696969697
0.768421052632
0.768421052632
0.771929824561
0.666666666667
0.816666666667
0.772058823529
0.736842105263
0.709523809524
0.709523809524
0.764705882353
0.705882352941
0.701754385965
0.797385620915
0.733333333333
0.718614718615
0.722943722944
0.731601731602
0.816993464052
0.974358974359
0
0
0
0
0
0.863636363636
0.808333333333
0.745098039216
0.644927536232
0.666666666667
0.667692307692
0.686153846154
0.698461538462
0.698005698006
0.736666666667
0.692307692308
0.657258064516
0.689393939394
0.719327731092
0.719047619048
0.734920634921
0.711711711712
0.665384615385
0.687055476529
0.751893939394
0.812807881773
0.723484848485
0.714015151515
0.721590909091
0.763440860215
0.772413793103
0.811965811966
0.772307692308
0.670769230769
0.695238095238
0.748538011696
0.736842105263
0.705263157895
0.74269005848
0.719047619048
0.728571428571
0.69696969697
0.731578947368
0.688311688312
0.752631578947
0.783625730994
0.736842105263
0.727941176471
0.780952380952
0.75
0.764705882353
0.715789473684
0.721052631579
0.758169934641
0.713450292398
0.72380952381
0.757575757576
0.779220779221
0.63908045977
0.642857142857
0.747035573123
0.77619047619
0.908333333333
0
0
0
0
0
1.33333333333
0.863636363636
0.819047619048
0.701754385965
0.691699604743
0.673333333333
0.702898550725
0.696666666667
0.686153846154
0.735507246377
0.661375661376
0.648275862069
0.679569892473
0.695187165775
0.702521008403
0.687687687688
0.698198198198
0.672064777328
0.687687687688
0.723707664884
0.741935483871
0.719758064516
0.759259259259
0.741379310345
0.783251231527
0.788177339901
0.833846153846
0.720797720798
0.723320158103
0.705263157895
0.738562091503
0.718954248366
0.745098039216
0.748538011696
0.719047619048
0.72380952381
0.714285714286
0.709523809524
0.736842105263
0.742105263158
0.74269005848
0.732026143791
0.705882352941
0.708333333333
0.725
0.775
0.736842105263
0.715789473684
0.690476190476
0.691699604743
0.704615384615
0.666666666667
0.697044334975
0.67816091954
0.712250712251
0.736666666667
0.804761904762
0.897058823529
0
0
0
0
1.66666666667
1.13333333333
1.10714285714
0.820512820513
0.838095238095
0.715415019763
0.70652173913
0.699604743083
0.718614718615
0.688405797101
0.702898550725
0.661538461538
0.642857142857
0.690476190476
0.690322580645
0.697580645161
0.665546218487
0.668253968254
0.638691322902
0.661904761905
0.681818181818
0.716129032258
0.668817204301
0.680911680912
0.742753623188
0.723646723647
0.729230769231
0.7150997151
0.774891774892
0.771929824561
0.838095238095
0.824175824176
0.771428571429
0.801470588235
0.760233918129
0.72380952381
0.72380952381
0.736842105263
0.692640692641
0.771929824561
0.742105263158
0.710526315789
0.745098039216
0.779411764706
0.772058823529
0.838095238095
0.75
0.736842105263
0.679653679654
0.673913043478
0.735507246377
0.664367816092
0.714942528736
0.696774193548
0.710344827586
0.694581280788
0.713846153846
0.859649122807
0.978021978022
0
0
0
0
3.0
2.0
0.8
0.909090909091
0.726315789474
0.719367588933
0.757575757576
0.670289855072
0.658008658009
0.667984189723
0.742857142857
0.719367588933
0.591397849462
0.611408199643
0.643493761141
0.677419354839
0.685483870968
0.670454545455
0.666666666667
0.651515151515
0.651612903226
0.682266009852
0.7
0.680952380952
0.716666666667
0.769230769231
0.820512820513
0.794871794872
0.780952380952
0.910256410256
0.813186813187
0.848484848485
0.771428571429
0.858333333333
0.736842105263
0.709523809524
0.742105263158
0.766081871345
0.714285714286
0.714285714286
0.704761904762
0.695238095238
0.754385964912
0.830882352941
0.754385964912
0.730994152047
0.710526315789
0.748538011696
0.705627705628
0.748917748918
0.753623188406
0.749287749288
0.703225806452
0.709677419355
0.689516129032
0.666666666667
0.68660968661
0.818713450292
1.01282051282
0
0
0
0
0
0
1.2
0.8
0.763157894737
0.753246753247
0.753246753247
0.714285714286
0.718954248366
0.712418300654
0.797385620915
0.818713450292
0.706666666667
0.71164021164
0.72183908046
0.711827956989
0.737931034483
0.744827586207
0.691532258065
0.746031746032
0.674876847291
0.71
0.684782608696
0.74269005848
0.846153846154
0.890909090909
0.818181818182
0.955555555556
0.944444444444
0.916666666667
0.8
0.888888888889
0.833333333333
0.912087912088
0.823529411765
0.816176470588
0.736842105263
0.754385964912
0.760233918129
0.714285714286
0.688311688312
0.709523809524
0.719047619048
0.719047619048
0.709523809524
0.715789473684
0.710526315789
0.726315789474
0.738095238095
0.744588744589
0.731884057971
0.675862068966
0.714942528736
0.709677419355
0.677419354839
0.769230769231
0.695384615385
0.801169590643
1.09090909091
0
0
0
0
0
0
0
0.684210526316
0.733333333333
0.74025974026
0.714285714286
0.751633986928
0.828571428571
0.824175824176
0.835164835165
0.852941176471
0.842105263158
0.871428571429
0.919047619048
0.884057971014
0.909090909091
0.88768115942
0.809116809117
0.753968253968
0.68253968254
0.673333333333
0.778947368421
0.816176470588
0.766666666667
0.863636363636
0.933333333333
1.19047619048
1.14285714286
1.3
0.952380952381
0.928571428571
0.861111111111
0.807692307692
0.8
0.846153846154
0.775
0.779411764706
0.816176470588
0.736842105263
0.731578947368
0.709523809524
0.714285714286
0.704761904762
0.715789473684
0.794117647059
0.794117647059
0.771241830065
0.838235294118
0.789473684211
0.673333333333
0.68660968661
0.664367816092
0.696551724138
0.719576719577
0.814229249012
0.696666666667
0.763157894737
1.03636363636
0
0
0
0
0
0.939393939394
0.838235294118
0.760233918129
0.731578947368
0.721052631579
0.758169934641
0.783333333333
0.802197802198
0.933333333333
1.08333333333
1.17857142857
1.0
0.941176470588
0.953216374269
0.968421052632
0.91341991342
0.851449275362
0.878787878788
0.852631578947
0
0.760233918129
0.772058823529
0.828571428571
0.780952380952
0.74358974359
0.933333333333
1.10714285714
1.66666666667
0
1.4
0.964285714286
0.944444444444
0.844444444444
0.888888888889
0.836363636364
0.863636363636
0.742857142857
0.775
0.772058823529
0.764705882353
0.74269005848
0.74269005848
0.794117647059
0.857142857143
0.75
0.863636363636
0.761904761905
0.742647058824
0.732026143791
0.707602339181
0.701298701299
0.743083003953
0.68253968254
0.723333333333
0.739130434783
0.761904761905
0.847619047619
1.11111111111
0
0
0
0
1.46666666667
0.910256410256
0.891666666667
0.823529411765
0.752631578947
0.662337662338
0.713450292398
0.692810457516
0.927272727273
1.05555555556
0
0
0
0
0
0
0
0
1.53333333333
0
0
0.924242424242
0.813186813187
0.846153846154
0.742857142857
0.833333333333
0.963636363636
0.863636363636
0
0
0
1.4
0.944444444444
0.972222222222
0.818181818182
0.916666666667
0.818181818182
0.909090909091
0.794871794872
0.769230769231
0.741666666667
0.75
0.764705882353
0.847619047619
0.884615384615
0.787878787879
0.866666666667
0.854545454545
0.807692307692
0.791208791209
0.698529411765
0.732026143791
0.748538011696
0.83660130719
0.742857142857
0.816993464052
0.791666666667
0.878787878788
1.14285714286
0
0
0
3.0
1.6
0.939393939394
0.875
0.736842105263
0.690476190476
0.794117647059
0.764705882353
0.89010989011
1.03636363636
1.33333333333
0
0
0
0
0
0
0
0
0
0
0
0
0.847953216374
0.836842105263
0.688405797101
0.695238095238
0.797385620915
0.797385620915
1.05555555556
0
0
0
0
1.2
0.972222222222
0.866666666667
0.944444444444
0.818181818182
0.872727272727
0.872727272727
0.863636363636
0.78021978022
0.813186813187
0.833333333333
0.74358974359
0.888888888889
0.844444444444
0.836363636364
0.893939393939
0.924242424242
0.771428571429
0.761904761905
0.735294117647
0.712418300654
0.712418300654
0.761904761905
0.758241758242
0.933333333333
1.19047619048
0
0
0
0
0
0
0.910256410256
0.786764705882
0.857142857143
0.833333333333
0.808333333333
0.969696969697
1.11111111111
0
0
0
0
0
0
0
0
0
0
0
0
0
0.921568627451
0.868421052632
0.835497835498
0.736666666667
0.859649122807
0.875816993464
0
0
0
0
0
0
0
1.2
0.757575757576
0.854545454545
0.854545454545
0.911111111111
0.781818181818
0.818181818182
0.890909090909
0.866666666667
0.8
0.854545454545
0.807692307692
0.927272727273
0.802197802198
0.742857142857
0.741666666667
0.673202614379
0.725
0.725
0.761904761905
0.833333333333
0.833333333333
0.866666666667
1.26666666667
0
0
0
0
0
1.26666666667
0.757575757576
0.782051282051
0.848484848485
0.863636363636
1.05555555556
1.33333333333
0
0
0
0
0
0
0
0
0
0
0
0
0
0
1.05833333333
0.884210526316
0.861904761905
0.738461538462
0.813852813853
0.991666666667
0.945054945055
3.0
0
0
0
0
0
0
1.07142857143
0.977777777778
0.927272727273
0.909090909091
0.787878787879
0.888888888889
0.888888888889
0.822222222222
0.955555555556
0.833333333333
0.771428571429
0.8
0.75
0.686274509804
0.791666666667
0.819047619048
0.783333333333
0.771428571429
0.771428571429
0.924242424242
0.818181818182
0.888888888889
1.26666666667
0
0
0
3.0
1.83333333333
1.03571428571
0.80303030303
0.933333333333
0.933333333333
0.892857142857
3.0
0
0
0
0
0
0
0
0
0
0
0
0
0
0
0
0.92380952381
0.919117647059
0.792207792208
0.766798418972
0.877192982456
1.0380952381
0
1.66666666667
2.0
0
0
0
0
0
0
1.09523809524
1.02777777778
0.75641025641
0.854545454545
0.866666666667
1.0
0.861111111111
0.972222222222
0.945454545455
0.733333333333
0.758333333333
0.8
0.758333333333
0.791666666667
0.828571428571
0.8
0.761904761905
0.802197802198
0.909090909091
0.818181818182
0.888888888889
1.26666666667
0
0
0
0
0
1.0303030303
0.948717948718
0.87619047619
0.75
0.802197802198
1.06666666667
1.09523809524
2.0
0
0
0
0
0
0
0
0
0
0
0
0
0
1.08888888889
0.836363636364
0.791208791209
0.838235294118
0.895238095238
1.07272727273
2.0
3.0
1.66666666667
1.2
1.4
0
1.66666666667
1.19047619048
1.14285714286
1.5
0
1.04761904762
1.09523809524
1.09523809524
0.964285714286
0.964285714286
0.964285714286
0.911111111111
0.833333333333
0.893939393939
0.698529411765
0.75
0.686274509804
0.720588235294
0.725
0.752380952381
0.858974358974
0.833333333333
0.833333333333
0.818181818182
1.26666666667
0
0
0
0
0
0
0.873188405797
0.861471861472
0.804347826087
0.78354978355
0.801470588235
0.866666666667
0.895238095238
0
0
0
0
0
0
0
0
0
0
0
0
0
1.03571428571
1.0
0.854545454545
1.04761904762
0
0
0
0
0
1.4
1.2
0.964285714286
0.872727272727
0.890909090909
1.14285714286
1.2
0
1.66666666667
1.3
0
1.3
1.0
0.964285714286
0.861111111111
0.757575757576
0.909090909091
0.780952380952
0.868131868132
0.766666666667
0.780952380952
0.771428571429
0.813186813187
0.791208791209
0.769230769231
0.863636363636
0.872727272727
1.0
0
0
0
0
0
0
0.861538461538
0.814814814815
0.737634408602
0.719540229885
0.645320197044
0.733333333333
0.908496732026
0.830065359477
1.6
3.0
3.0
0
0
0
0
0
0
0
0
0
1.0
0.893939393939
0.893939393939
0.944444444444
1.66666666667
0
0
0
0
0
0
0.8
0
0.927272727273
0.787878787879
2.0
0
0
1.5
0
0
1.2
0.892857142857
0.916666666667
0.836363636364
1.02222222222
0.752380952381
0.75
0.766666666667
0.771428571429
0.813186813187
0.791208791209
0.769230769231
0.807692307692
0.820512820513
0.927272727273
1.17857142857
0
0
0
0
0
0
0.935384615385
0.917378917379
0.911680911681
0.731060606061
0.670454545455
0.747692307692
0.894736842105
0.908333333333
1.25
3.0
3.0
3.0
1.66666666667
3.0
0
0
0
0
0
0
0.927272727273
0.813186813187
0.807692307692
0.911111111111
0
0
0
0
0
0
1.4
1.02777777778
0.909090909091
0.893939393939
1.0
0
0
0
0
1.5
0
1.2
1.13333333333
0.777777777778
1.03571428571
0.757575757576
0.818181818182
0.733333333333
0.833333333333
0.802197802198
0.78021978022
0.758241758242
0.818181818182
0.872727272727
0.854545454545
0.888888888889
1.26666666667
0
0
0
0
0
0.91452991453
0.981884057971
0.891534391534
0.841379310345
0.719327731092
0.679144385027
0.748677248677
0.738461538462
0.882352941176
1.33333333333
0
0
0
0
0
0
0
0
0
0
1.5
0.909090909091
0.833333333333
0.863636363636
1.10714285714
1.26666666667
0
0
0
0
0
1.10714285714
0.872727272727
0.794871794872
0.794871794872
0.692307692308
1.26666666667
0
0
1.3
1.13333333333
1.13333333333
1.0
1.0
1.2
0.952380952381
1.13333333333
1.0
0.872727272727
0.769230769231
0.807692307692
0.909090909091
0.833333333333
0.844444444444
0.861111111111
0.892857142857
1.3
1.5
0
0
0
0
0
0.807881773399
0.805418719212
0.804301075269
0.729411764706
0.65
0.741935483871
0.772486772487
0.747692307692
0.83660130719
0
0
0
0
0
0
0
0
0
0
0
0.916666666667
0.863636363636
0.863636363636
0.872727272727
0.944444444444
1.13333333333
2.0
0
0
0
0
0.890909090909
0.909090909091
0.833333333333
0.893939393939
0.747252747253
0.890909090909
0.911111111111
1.03571428571
0.888888888889
0.964285714286
1.04761904762
1.0
1.0
1.0
1.66666666667
0
1.13333333333
0.916666666667
1.0
0.74358974359
0.836363636364
0.911111111111
0.861111111111
1.06666666667
1.04761904762
1.33333333333
1.5
0
0
0
0
0
0.777777777778
0.783475783476
0.745967741935
0.703174603175
0.725378787879
0.898550724638
0.786324786325
0
1.53333333333
0
0
0
0
0
0
0
0
0
1.66666666667
1.04761904762
0.933333333333
0.833333333333
0.725274725275
1.19047619048
0
0
2.0
0
0
0
1.25
1.13888888889
0.945454545455
0.890909090909
0.909090909091
0.758241758242
0.716666666667
0.833333333333
0.863636363636
0.836363636364
0.916666666667
0.892857142857
1.3
1.3
1.2
0
0
1.3
1.0
1.09523809524
1.0
1.09523809524
0.964285714286
1.13333333333
1.0
1.4
1.33333333333
1.83333333333
0
0
0
0
0
0.923976608187
0.941520467836
0.873188405797
0.833846153846
0.861538461538
0.902173913043
0
0
0
0
0
0
0
0
0
0
0
0
0
1.19047619048
1.0
0.725274725275
0.890909090909
0.944444444444
0
0
0
0
0
0
1.25
1.13888888889
1.21428571429
0
0
0.833333333333
0.761904761905
0.742857142857
1.06666666667
1.14285714286
0.952380952381
1.1
1.66666666667
0
3.0
0
0
1.26666666667
0.916666666667
0.928571428571
1.13333333333
0
1.5
1.0
1.33333333333
3.0
0
0
0
0
0
0
1.21428571429
0.945054945055
1.07575757576
0.900584795322
0.786666666667
0.77207977208
0.848484848485
0
0
0
0
0
0
0
0
0
0
0
0
0.928571428571
0.844444444444
0.972222222222
0.74358974359
0.714285714286
1.05555555556
1.28571428571
0
0
0
0
0
1.26666666667
0
0
0
1.10714285714
0.977777777778
0.683333333333
1.05555555556
1.09523809524
1.2
1.0
1.13333333333
1.06666666667
1.66666666667
0
0
0
1.05555555556
0.872727272727
0.844444444444
1.04761904762
1.4
1.1
1.66666666667
0
0
0
0
0
0
0
0
1.0
1.2
1.2
0
0
0
1.3
3.0
0
0
0
0
0
0
0
0
0
0
1.5
1.10714285714
0.909090909091
0.781818181818
0.854545454545
0.736263736264
0.833333333333
1.0
0.924242424242
0
0
0
0
3.0
0
0
1.6
1.0
0.890909090909
0.80303030303
1.10714285714
0.844444444444
0
1.06666666667
1.13333333333
1.13333333333
1.2
0
0
0
1.17857142857
0.890909090909
0.866666666667
0.888888888889
1.04761904762
0
0
0
0
0
0
0
0
0
0
2.0
1.4
1.83333333333
0
0
0
0
0
0
0
0
0
0
0
0
0
0
0
0
0.820512820513
0.963636363636
0.890909090909
0.818181818182
0.863636363636
0.820512820513
0.857142857143
0.868131868132
0.969696969697
1.53333333333
0
0
0
0
0
1.6
0.888888888889
0.888888888889
0.772727272727
0.972222222222
0.972222222222
0.888888888889
1.04761904762
0.933333333333
1.06666666667
1.66666666667
0
0
0
0.972222222222
0.890909090909
0.888888888889
0.916666666667
1.4
0
0
0
0
0
0
0
0
0
0
0
0
0
0
0
0
0
3.0
3.0
0
0
0
0
0
0
0
0
0
0
0.945454545455
0.858974358974
0.742857142857
0.74358974359
0.833333333333
0.878787878788
0.742857142857
0.8
0.828571428571
0.984848484848
0
0
0
0
0
0
1.66666666667
1.0
1.0
0.730769230769
0.888888888889
0.916666666667
1.0
1.1
0
1.1
0
0
3.0
0
0.854545454545
0.818181818182
0.944444444444
0
0
0
0
0
0
0
0
0
0
0
0
0
0
0
0
0
0
3.0
1.0
0
0
0
0
0
0
0
0
0
0
1.25
0.924242424242
0.945454545455
0.820512820513
0.794871794872
0.872727272727
0.769230769231
0.742857142857
0.828571428571
1.05454545455
1.11111111111
0
0
0
0
2.0
1.5
1.5
0
0.927272727273
1.02222222222
0.866666666667
1.0
1.2
1.13333333333
1.13333333333
0
3.0
0
0
1.10714285714
0.955555555556
1.10714285714
1.83333333333
0
0
0
0
0
0
0
0
0
0
0
0
0
0
0
0
0
0
1.66666666667
0
0
0
0
0
0
0
0
0
0
1.08333333333
0
0.909090909091
0.833333333333
0.927272727273
0.955555555556
0.872727272727
0.890909090909
0.878787878788
0.924242424242
0.872727272727
1.13333333333
3.0
1.66666666667
1.66666666667
1.66666666667
1.5
0
0
1.08333333333
1.13888888889
0.890909090909
0.928571428571
0.952380952381
1.0
1.03571428571
1.66666666667
1.66666666667
0
0
1.14285714286
0.911111111111
1.07142857143
0
0
0
0
0
0
0
0
0
0
0
0
0
0
0
0
0
0
0
3.0
0
0
0
0
0
0
0
0
0
0
0
1.02777777778
1.04444444444
1.0
1.21428571429
1.17857142857
1.07142857143
1.33333333333
1.14285714286
0.972222222222
1.26666666667
1.83333333333
3.0
0
3.0
1.66666666667
3.0
0
2.0
0
1.08333333333
1.10714285714
1.4
1.3
1.09523809524
1.6
1.33333333333
0
0
0
1.83333333333
1.4
0
0
0
0
0
0
0
0
