0
0
0
0
0
0
0
0
0
0
0
0
0
0
0
0
9
11
17
19
22
23
28
32
36
40
43
43
46
46
47
43
36
36
39
43
44
46
43
41
38
34
27
23
19
19
20
20
21
21
18
19
20
17
15
15
15
20
19
16
16
14
11
0
0
0
0
0
0
0
0
0
0
0
0
0
0
16
20
17
20
24
28
30
33
38
44
47
53
55
54
56
58
56
53
48
46
48
54
59
59
52
46
41
36
30
25
23
25
28
26
26
26
23
25
23
21
19
19
20
21
22
21
21
19
14
0
0
0
0
0
0
0
0
0
0
0
0
0
18
19
22
25
28
31
37
41
42
46
52
55
62
65
66
66
63
62
62
56
56
59
68
69
66
57
46
44
39
30
29
29
31
31
33
28
29
27
25
24
23
22
22
23
23
26
26
26
24
17
0
0
0
0
0
0
0
0
0
0
0
0
0
23
24
26
32
34
37
45
50
52
54
57
64
69
73
74
74
74
71
66
63
64
74
74
73
70
61
51
47
40
36
34
35
40
37
35
34
36
30
27
25
24
23
22
21
24
26
28
24
19
14
0
0
0
0
0
0
0
0
0
0
0
0
22
29
30
32
36
38
46
53
57
58
61
66
72
77
78
81
82
83
77
71
69
76
84
77
72
69
65
57
47
35
34
35
38
39
40
35
35
33
33
26
24
22
22
21
21
22
23
24
24
19
14
0
0
0
0
0
0
0
0
0
0
11
19
25
35
35
36
38
42
55
56
56
58
63
72
78
80
81
86
88
84
76
76
79
80
83
77
74
72
68
57
38
33
34
35
39
42
39
34
36
31
30
26
23
21
21
21
20
21
22
22
23
20
15
0
0
0
0
0
0
0
0
0
0
14
18
32
39
39
42
45
47
57
56
60
63
69
77
81
83
84
84
87
82
81
85
91
85
79
74
73
66
64
48
37
34
36
37
38
37
33
35
35
30
27
26
24
24
22
21
21
20
21
23
24
19
14
0
0
0
0
0
0
0
0
0
0
19
23
36
40
43
46
46
49
56
57
63
68
75
78
80
84
88
87
85
84
83
93
95
89
79
75
67
66
55
43
36
37
38
36
39
39
38
37
32
28
26
28
26
24
24
21
21
20
20
22
22
19
14
0
0
0
0
0
0
0
0
0
0
26
31
36
40
45
48
46
50
56
63
68
75
77
76
82
84
90
85
83
86
88
97
101
92
76
71
61
56
48
35
35
34
36
37
39
39
34
35
35
29
29
30
29
27
23
21
21
22
20
22
22
17
14
0
0
0
0
0
0
0
0
0
24
28
32
38
41
44
47
51
53
56
59
67
73
74
75
80
85
87
86
85
85
92
101
102
89
73
65
55
47
39
34
32
33
33
38
38
33
31
32
37
33
31
30
29
28
21
21
19
22
21
21
22
18
13
0
0
0
0
0
0
0
0
17
26
30
34
41
44
48
48
52
54
53
56
65
73
73
74
82
84
87
85
85
87
96
105
106
93
76
62
52
42
33
29
28
27
27
30
30
30
28
32
34
33
31
31
31
28
26
22
22
23
22
22
21
18
14
0
0
0
0
0
0
0
13
23
29
34
39
40
42
48
50
52
53
50
51
59
66
67
73
80
81
86
86
85
89
98
105
104
93
77
63
51
41
32
27
27
26
26
27
27
26
28
31
29
32
33
33
32
29
26
25
25
23
25
23
21
19
14
0
0
0
0
0
0
0
23
26
27
33
41
41
44
49
48
51
50
48
49
53
57
62
71
77
81
89
91
98
96
99
104
99
91
74
63
44
37
29
25
30
28
25
27
26
24
31
33
31
35
34
31
32
31
28
26
26
28
27
25
23
18
13
0
0
0
0
0
0
0
26
27
30
35
39
42
46
47
47
47
48
46
49
49
52
59
69
78
90
98
97
103
100
98
94
89
80
65
44
34
31
30
28
28
30
29
30
29
28
33
33
35
36
37
35
33
34
34
30
28
29
27
26
25
19
14
0
0
0
0
0
0
22
24
28
33
39
39
42
44
46
48
49
48
49
47
49
49
61
66
79
90
100
98
102
98
95
86
81
65
52
40
34
31
31
30
32
32
30
32
32
30
33
35
37
40
39
38
37
35
36
32
31
29
27
27
28
23
16
0
0
0
0
0
0
24
24
28
37
34
38
41
43
46
48
48
48
46
47
49
50
57
67
84
92
98
99
96
90
85
78
70
57
41
38
37
35
34
33
35
36
31
32
32
28
33
37
37
35
37
36
33
36
36
33
32
29
30
29
28
21
15
0
0
0
0
0
0
27
27
32
39
33
38
42
44
47
47
48
47
48
46
48
50
55
67
84
91
98
93
91
82
81
70
62
51
40
37
35
39
39
37
40
37
31
33
35
31
31
35
34
32
36
36
33
35
37
34
32
29
30
30
28
21
18
0
0
0
0
0
0
29
31
38
37
33
40
43
44
44
43
45
48
48
46
46
48
57
75
85
88
90
86
84
76
67
59
55
47
43
41
40
41
42
39
40
39
30
33
34
36
33
34
33
28
31
32
32
33
33
32
32
30
30
29
28
25
19
0
0
0
0
0
24
27
33
36
33
34
38
41
43
44
45
44
43
47
45
44
49
59
75
83
83
85
79
71
64
51
46
49
45
43
40
39
42
46
43
45
44
34
31
34
34
35
35
34
28
30
31
29
28
29
29
30
30
30
30
29
23
15
0
0
0
0
25
28
29
32
35
33
32
37
39
42
44
44
45
44
47
44
43
49
61
72
78
77
76
71
60
54
46
42
43
43
43
41
40
45
49
48
48
47
37
34
33
30
30
33
34
28
27
26
26
25
26
27
29
31
28
26
27
20
14
0
0
0
18
23
23
30
32
33
32
33
35
38
41
44
45
43
43
45
42
43
48
57
66
69
70
66
61
52
48
43
43
43
45
47
46
48
47
51
51
50
44
41
40
37
32
33
33
33
30
28
26
26
26
27
27
27
25
24
25
23
19
14
0
0
0
20
18
22
29
33
30
34
35
35
38
40
41
45
44
41
41
43
44
47
49
56
60
64
60
50
48
48
43
41
39
40
45
49
51
48
53
56
55
47
42
42
38
37
35
35
33
34
32
28
28
25
23
22
21
21
23
23
22
19
14
0
0
0
15
16
22
30
29
28
31
34
37
37
39
39
44
42
41
43
41
45
44
46
50
51
60
55
49
45
45
40
40
42
39
45
49
51
52
60
62
58
51
45
45
39
35
35
31
28
28
26
25
23
23
22
22
22
21
21
22
22
18
14
0
0
0
13
15
21
24
24
29
32
34
36
37
39
40
43
41
41
43
40
44
43
47
48
48
49
50
45
42
43
38
39
43
43
45
52
54
58
65
67
62
57
50
46
41
35
31
31
31
28
25
26
23
22
23
23
22
22
19
20
22
18
14
0
3
14
10
15
17
22
26
29
30
33
35
36
37
42
43
41
43
44
41
42
38
42
44
48
46
47
42
41
40
37
41
42
43
52
58
60
62
63
59
61
55
50
49
43
38
34
33
34
30
26
26
25
23
24
23
23
22
23
20
21
18
13
2
8
10
12
16
16
24
26
31
34
34
34
36
36
41
44
41
42
42
41
38
39
42
45
44
44
44
41
39
36
39
37
39
42
50
55
59
58
58
56
54
52
49
46
38
34
32
33
32
32
32
27
23
22
24
24
25
23
21
23
22
18
13
6
7
9
13
15
18
23
27
31
33
33
34
34
39
42
45
46
43
40
39
41
40
42
44
48
46
45
42
41
38
37
35
37
39
45
48
54
57
56
55
51
47
47
40
32
27
30
30
31
31
35
31
22
23
29
26
25
28
25
26
24
19
13
4
7
11
13
15
21
23
26
30
32
34
34
35
38
43
46
44
41
39
40
45
45
42
46
49
45
40
39
36
32
33
32
34
37
44
44
48
47
49
49
46
41
34
31
27
25
29
29
30
32
32
32
24
24
26
25
25
25
28
28
26
21
13
0
5
7
11
19
20
24
24
32
32
31
34
33
41
43
43
40
40
41
40
41
40
39
41
44
44
40
38
35
31
29
30
34
35
38
40
41
43
43
42
38
31
28
25
23
23
24
27
29
30
31
30
25
22
21
24
26
27
26
27
26
23
16
0
0
8
15
20
21
22
25
30
32
31
32
33
37
41
39
41
41
41
39
37
34
35
36
40
39
39
39
37
33
33
32
30
33
37
40
39
38
34
36
32
25
25
25
22
22
21
25
25
26
28
28
25
21
23
23
24
24
29
26
26
23
16
0
0
5
14
19
19
22
25
29
32
31
31
31
34
38
35
39
42
38
38
36
35
33
37
36
37
34
34
34
34
29
28
29
27
29
32
33
30
26
26
24
22
22
24
22
21
20
22
21
23
24
23
23
22
22
21
22
26
26
27
23
21
15
0
0
0
12
19
17
21
25
29
29
27
30
31
33
34
34
37
41
34
30
33
38
40
36
39
38
39
37
34
32
28
24
27
24
22
23
23
21
21
21
24
23
24
23
23
22
20
21
20
21
22
23
21
21
16
20
21
23
25
24
23
18
13
0
0
3
11
17
19
20
25
29
28
28
30
30
29
33
34
36
36
35
31
31
37
38
39
38
40
42
42
38
34
31
25
25
24
22
22
22
20
20
22
22
23
25
22
23
23
21
19
19
20
23
21
21
19
19
18
18
17
22
23
22
18
13
0
0
0
11
17
19
20
21
24
27
28
29
29
31
29
33
34
34
36
38
38
35
37
36
37
39
42
41
36
35
32
28
23
21
22
18
18
19
21
22
22
21
24
21
23
22
19
19
19
20
22
21
21
17
17
15
19
18
21
22
21
18
13
0
0
0
0
13
17
17
21
25
26
28
28
28
29
28
32
34
35
37
37
38
40
42
42
42
45
43
42
39
39
33
30
25
21
21
21
20
19
20
22
21
22
23
23
22
22
21
20
20
20
21
22
20
17
15
15
17
19
20
20
21
18
13
0
0
0
0
9
14
18
21
24
26
28
27
29
28
28
30
34
35
35
36
35
40
42
40
38
39
43
39
38
38
32
31
27
22
21
21
20
20
21
21
22
22
23
22
20
20
19
21
16
17
19
21
21
18
18
19
18
21
22
22
22
18
13
0
0
0
0
0
12
16
18
24
25
26
26
26
27
25
27
32
33
35
36
36
37
40
38
33
29
33
33
33
31
30
27
26
26
21
19
19
20
19
21
21
22
20
22
20
19
19
17
15
17
17
20
20
18
19
21
22
22
30
29
23
21
16
0
0
0
0
0
6
12
15
19
23
25
24
25
26
24
28
30
31
34
35
37
37
39
37
34
32
32
28
29
29
29
26
27
23
20
18
18
18
19
21
21
21
21
20
20
19
18
17
16
16
16
19
20
21
23
26
30
29
30
27
25
21
17
0
0
0
0
3
6
8
13
15
23
24
23
22
24
24
26
28
28
31
32
35
36
38
36
33
31
31
27
24
27
26
27
22
19
15
14
15
17
19
21
21
20
22
19
20
20
18
17
17
15
17
19
22
24
24
30
30
31
30
29
26
19
14
0
0
0
0
2
3
10
11
20
23
22
24
22
23
21
23
31
34
34
32
32
33
33
33
31
29
25
21
16
14
13
13
15
13
14
12
15
16
20
21
20
19
21
21
21
21
19
17
19
19
20
19
22
22
24
27
31
31
32
31
27
19
13
0
0
0
0
0
0
6
15
20
22
22
21
18
18
18
19
25
28
30
31
30
30
32
28
29
25
24
19
14
11
12
10
9
9
11
9
13
14
17
17
19
19
19
21
22
21
21
21
21
20
20
20
21
22
24
30
30
31
32
26
26
19
12
0
0
0
0
0
0
0
20
21
22
22
18
15
14
14
17
19
21
21
24
23
24
27
28
28
25
20
17
16
12
10
7
7
5
7
8
9
13
15
14
16
17
17
19
20
21
21
21
20
17
17
18
17
19
25
27
30
30
28
23
25
20
11
0
0
0
0
0
12
17
19
20
20
18
16
14
10
9
8
13
17
19
20
22
24
22
20
0
19
17
15
15
13
10
8
4
1
5
8
9
10
9
11
12
15
16
17
18
19
19
17
15
16
12
15
17
18
19
22
23
28
25
23
21
15
9
0
0
0
0
6
13
16
18
20
22
19
18
11
9
0
0
0
0
0
0
0
0
6
0
0
12
14
13
15
13
11
12
0
0
0
5
9
9
11
9
11
11
13
14
16
17
17
15
13
12
10
11
13
14
17
18
19
18
21
18
16
12
8
0
0
0
2
5
12
16
20
21
17
17
14
11
7
0
0
0
0
0
0
0
0
0
0
0
0
19
20
24
21
18
18
9
0
0
0
0
6
9
10
9
11
11
11
12
14
14
13
13
9
10
11
12
12
15
15
17
18
18
15
14
10
7
0
0
0
0
0
0
13
17
15
16
16
12
9
0
0
0
0
0
0
0
0
0
0
0
0
0
18
20
22
25
19
18
0
0
0
0
0
0
0
6
12
11
11
10
11
11
11
10
11
11
13
11
14
15
16
18
16
16
15
13
12
10
6
0
0
0
0
0
6
12
13
12
12
9
6
0
0
0
0
0
0
0
0
0
0
0
0
0
0
16
20
21
26
22
16
14
2
0
0
0
0
0
0
8
10
11
11
12
9
9
10
10
13
15
15
16
18
16
15
16
15
15
12
12
9
6
0
0
0
2
4
8
12
10
10
8
2
0
0
0
0
0
0
0
0
0
0
0
0
0
0
0
15
17
22
23
19
15
0
3
3
0
0
0
0
0
0
7
9
13
11
10
8
9
9
11
16
16
15
16
16
15
15
15
14
12
12
9
6
0
0
0
0
0
12
13
15
17
14
10
7
3
0
0
0
0
0
0
0
0
0
0
0
0
0
10
11
14
17
15
11
3
2
4
6
5
0
4
7
7
4
0
7
7
7
8
8
8
10
12
12
17
16
18
17
16
15
13
13
12
11
6
0
0
0
0
0
0
24
22
24
22
17
16
15
0
0
0
0
0
0
0
0
0
0
0
0
0
8
10
11
7
0
0
0
0
0
5
6
8
11
11
8
6
0
4
5
0
5
7
8
9
12
11
15
14
16
15
15
14
14
14
12
11
9
0
0
0
0
0
0
26
28
31
30
29
25
18
18
5
2
2
0
0
0
0
0
0
0
0
0
9
12
12
9
4
0
0
0
0
0
0
11
0
11
12
3
0
0
4
0
0
5
8
9
11
10
15
16
16
15
14
14
14
13
13
11
8
0
0
0
0
0
0
26
27
27
33
33
26
20
16
8
2
2
2
3
2
0
0
0
0
0
0
11
14
13
10
0
0
0
0
0
0
5
9
11
12
9
0
0
0
0
4
0
5
6
10
8
12
12
15
13
14
14
14
12
11
11
10
6
0
0
0
0
0
27
24
28
30
35
34
28
26
17
7
0
0
0
0
0
0
0
0
0
0
5
11
13
12
8
6
0
0
0
0
0
8
11
13
13
14
6
0
0
5
6
6
7
7
6
7
6
8
11
13
13
11
12
10
9
8
5
4
0
0
0
0
0
29
29
31
35
41
31
28
26
18
0
0
0
0
0
0
0
0
1
0
0
9
12
12
11
9
6
3
0
0
0
0
11
11
13
12
14
11
10
8
9
8
7
7
7
7
4
0
6
9
9
13
11
10
9
6
7
6
5
0
0
0
0
0
28
27
32
36
33
24
27
0
6
1
0
0
0
0
0
0
0
0
3
7
10
12
14
7
0
0
3
0
0
0
8
9
11
11
11
14
16
13
12
11
9
8
5
5
5
0
0
5
7
7
8
7
8
6
6
5
6
4
0
0
0
0
0
19
19
24
26
26
24
0
0
0
1
0
0
0
0
0
0
0
0
0
7
9
14
11
9
0
0
0
0
0
0
8
9
8
0
0
12
15
15
10
8
7
5
3
0
2
0
0
6
9
8
6
0
4
6
4
2
0
0
0
0
0
0
8
14
12
19
25
27
22
0
0
0
0
0
0
0
0
0
0
0
0
8
10
9
13
14
9
7
0
0
0
0
0
6
0
0
0
8
10
16
9
7
5
6
6
6
3
0
0
0
9
11
10
7
5
5
3
0
0
0
0
0
0
0
0
7
6
6
0
0
0
5
2
0
0
0
0
0
0
0
0
0
0
5
8
11
11
11
14
13
11
12
0
0
0
0
2
0
0
5
9
11
12
8
10
0
6
6
6
5
0
0
0
8
11
10
9
7
0
0
0
0
0
0
0
0
0
0
3
5
4
0
0
0
1
1
0
0
0
0
0
0
0
0
0
0
0
13
11
11
11
12
13
14
14
12
6
0
0
0
0
0
5
9
10
12
9
9
9
7
6
6
4
0
0
0
9
11
10
9
5
0
0
0
0
0
0
0
0
0
0
1
1
0
0
0
0
0
2
2
0
0
0
0
0
0
0
0
0
0
11
13
15
13
12
12
15
16
15
12
0
0
0
0
0
0
4
7
8
13
10
9
7
5
0
5
0
0
2
0
11
12
9
0
0
0
0
0
0
0
0
0
0
0
0
1
0
0
0
0
0
2
5
0
0
0
0
0
0
0
0
0
0
8
12
11
13
13
11
14
15
15
11
9
0
0
0
0
3
4
4
0
11
10
10
7
5
6
6
0
2
0
0
8
10
8
4
0
0
0
0
0
0
0
0
0
0
0
1
1
0
0
0
0
0
3
0
0
0
0
0
0
0
0
0
0
9
0
12
13
11
10
11
11
12
12
11
6
2
3
3
3
4
0
0
9
9
11
8
7
8
8
4
3
0
0
7
10
8
0
1
0
0
0
0
0
0
0
0
0
0
1
1
0
0
0
0
0
2
0
0
0
0
0
0
0
0
0
0
0
9
10
10
8
8
8
6
8
9
6
4
2
0
2
3
2
0
3
0
9
8
5
5
7
5
6
0
0
0
4
5
0
0
0
0
0
0
0
0
