0
0
0
0
0
0
0
0
0
0
0
0
0
0
0
0
1.25
1.15151515152
0.941666666667
0.919117647059
0.955882352941
0.894736842105
0.976608187135
0.857707509881
0.797101449275
0.822463768116
0.835978835979
0.870967741935
0.856950067476
0.848484848485
0.842424242424
0.836707152497
0.9
0.914285714286
0.948717948718
0.925
0.880952380952
0.785714285714
0.864615384615
0.88
0.909523809524
0.878947368421
0.875
0.923076923077
1.0
0.956043956044
0.945054945055
0.945054945055
0.956043956044
0.978021978022
1.02564102564
0.967032967033
0.974358974359
0.984848484848
0.939393939394
0.948717948718
0.923076923077
0.823529411765
0.971428571429
1.00952380952
1.06593406593
1.08974358974
1.07692307692
0
0
0
0
0
0
0
0
0
0
0
0
0
0
1.10256410256
0.83660130719
0.990476190476
0.911764705882
0.821052631579
0.819047619048
0.830039525692
0.77207977208
0.856666666667
0.75632183908
0.707664884135
0.716216216216
0.763066202091
0.829292929293
0.822278911565
0.807692307692
0.796078431373
0.82462253194
0.766381766382
0.771428571429
0.739130434783
0.76
0.79802955665
0.737967914439
0.776209677419
0.788505747126
0.796296296296
0.76
0.795321637427
0.81045751634
0.816993464052
0.816993464052
0.777777777778
0.783625730994
0.795321637427
0.80701754386
0.80701754386
0.843137254902
0.845588235294
0.801470588235
0.779411764706
0.801470588235
0.816176470588
0.823529411765
0.810526315789
0.78354978355
0.836842105263
0.933823529412
1.02197802198
0
0
0
0
0
0
0
0
0
0
0
0
0
1.0641025641
0.912280701754
0.852631578947
0.739130434783
0.750988142292
0.683760683761
0.679802955665
0.683712121212
0.723484848485
0.701587301587
0.670715249663
0.708392603129
0.698550724638
0.745852187029
0.759090909091
0.787561146052
0.797888386124
0.804810360777
0.761024182077
0.716923076923
0.729230769231
0.671370967742
0.711693548387
0.668563300142
0.692745376956
0.705705705706
0.743315508021
0.723790322581
0.698412698413
0.731601731602
0.69696969697
0.688311688312
0.719047619048
0.733333333333
0.714285714286
0.752380952381
0.699604743083
0.695652173913
0.718614718615
0.719047619048
0.730994152047
0.713450292398
0.771241830065
0.726315789474
0.695238095238
0.752380952381
0.743083003953
0.669515669516
0.774891774892
0.952380952381
0
0
0
0
0
0
0
0
0
0
0
0
0
0.828571428571
0.814229249012
0.861904761905
0.713846153846
0.647783251232
0.65763546798
0.62380952381
0.674174174174
0.653846153846
0.685560053981
0.72119487909
0.729268292683
0.696296296296
0.747493734336
0.761904761905
0.761688311688
0.751921733054
0.736434108527
0.68275862069
0.67816091954
0.735483870968
0.634146341463
0.604651162791
0.673414304993
0.656097560976
0.707207207207
0.736185383244
0.70564516129
0.72
0.711462450593
0.742105263158
0.680952380952
0.690476190476
0.709956709957
0.747619047619
0.718614718615
0.705627705628
0.688311688312
0.704761904762
0.78431372549
0.808333333333
0.816666666667
0.816666666667
0.772058823529
0.701754385965
0.656126482213
0.711462450593
0.693333333333
0.770562770563
0.961904761905
0
0
0
0
0
0
0
0
0
0
0
0
0.842105263158
0.698412698413
0.692118226601
0.77
0.64367816092
0.655172413793
0.663306451613
0.655761024182
0.633444075305
0.656213704994
0.708502024291
0.716666666667
0.686274509804
0.702259887006
0.789898989899
0.726553672316
0.752861952862
0.678733031674
0.611538461538
0.64126984127
0.675675675676
0.696341463415
0.629432624113
0.643434343434
0.660975609756
0.666666666667
0.668016194332
0.714015151515
0.708045977011
0.700854700855
0.69
0.742857142857
0.719298245614
0.690476190476
0.718614718615
0.731601731602
0.738095238095
0.731578947368
0.694736842105
0.8
0.89010989011
0.771428571429
0.835164835165
0.684210526316
0.838095238095
0.720588235294
0.779411764706
0.742857142857
0.70652173913
0.847953216374
1.0641025641
0
0
0
0
0
0
0
0
0
0
1.19444444444
0.925
0.798418972332
0.637096774194
0.71164021164
0.687830687831
0.660098522167
0.689655172414
0.631707317073
0.631313131313
0.659698025552
0.680487804878
0.726045883941
0.701902748414
0.67650273224
0.704389212057
0.750151240169
0.719298245614
0.658200290276
0.605797101449
0.620209059233
0.656699889258
0.7131242741
0.67729468599
0.665124884366
0.687707641196
0.679487179487
0.689189189189
0.697478991597
0.718279569892
0.750769230769
0.736666666667
0.695156695157
0.74
0.683076923077
0.683794466403
0.8
0.773684210526
0.757894736842
0.764705882353
0.75
0.666666666667
0.7
0.714285714286
0.846153846154
0.75
0.897435897436
0.780952380952
0.775
0.838235294118
0.761904761905
0.810526315789
0.952380952381
0
0
0
0
0
0
0
0
0
0
1.32142857143
0.966666666667
0.732193732194
0.65376344086
0.652873563218
0.655172413793
0.714942528736
0.710924369748
0.654334038055
0.66334440753
0.7004048583
0.707152496626
0.706097560976
0.688536953243
0.695081967213
0.724293785311
0.695628415301
0.655218855219
0.65221987315
0.641649048626
0.676633444075
0.696566998893
0.685024154589
0.738648947951
0.753658536585
0.704318936877
0.696356275304
0.704099821747
0.672348484848
0.67816091954
0.713846153846
0.667487684729
0.749287749288
0.754985754986
0.756923076923
0.686153846154
0.842105263158
0.718614718615
0.748538011696
0.732026143791
0.745098039216
0.751633986928
0.794117647059
0.742647058824
0.766666666667
0.824175824176
0.705882352941
0.780952380952
0.790476190476
0.786764705882
0.688311688312
0.728571428571
0.895238095238
0
0
0
0
0
0
0
0
0
0
0.933823529412
0.839826839827
0.675268817204
0.630681818182
0.613636363636
0.628571428571
0.696825396825
0.714082503556
0.711538461538
0.681707317073
0.708392603129
0.656213704994
0.662234042553
0.696914700544
0.682178741407
0.679979518689
0.649717514124
0.703832752613
0.66067653277
0.658562367865
0.672304439746
0.683838383838
0.690821256039
0.724101479915
0.706131078224
0.698781838317
0.668292682927
0.641536273115
0.687192118227
0.655270655271
0.648148148148
0.701058201058
0.743386243386
0.8
0.81884057971
0.72
0.790476190476
0.673913043478
0.8
0.786764705882
0.742857142857
0.750988142292
0.667692307692
0.679653679654
0.816176470588
0.816666666667
0.725
0.771428571429
0.758333333333
0.75
0.715789473684
0.754385964912
0.858333333333
0
0
0
0
0
0
0
0
0
0
0.732307692308
0.778461538462
0.671370967742
0.638257575758
0.66935483871
0.666666666667
0.722222222222
0.793277310924
0.717948717949
0.687179487179
0.653846153846
0.605797101449
0.661960784314
0.707070707071
0.670491803279
0.681818181818
0.667900092507
0.671247357294
0.675475687104
0.663636363636
0.648473635523
0.651595744681
0.653911564626
0.685024154589
0.656914893617
0.656038647343
0.649245063879
0.644144144144
0.655172413793
0.68
0.695384615385
0.747692307692
0.77207977208
0.73645320197
0.706896551724
0.706552706553
0.8
0.675889328063
0.662337662338
0.731601731602
0.782608695652
0.732193732194
0.709359605911
0.664367816092
0.686666666667
0.74025974026
0.688311688312
0.662337662338
0.758169934641
0.695238095238
0.691699604743
0.801169590643
0.942857142857
0
0
0
0
0
0
0
0
0
0.768115942029
0.760683760684
0.72183908046
0.714942528736
0.650623885918
0.708333333333
0.634551495017
0.702564102564
0.743954480797
0.693902439024
0.666666666667
0.621794871795
0.632336655592
0.678191489362
0.703619909502
0.671428571429
0.692929292929
0.703658536585
0.675475687104
0.656799259944
0.638605442177
0.637755102041
0.613876319759
0.590572390572
0.629387755102
0.669696969697
0.654334038055
0.688477951636
0.658823529412
0.645161290323
0.71
0.716666666667
0.756666666667
0.721674876847
0.708045977011
0.708994708995
0.689458689459
0.739130434783
0.705627705628
0.666666666667
0.729230769231
0.790769230769
0.738916256158
0.76354679803
0.705747126437
0.677339901478
0.746666666667
0.735384615385
0.698412698413
0.729230769231
0.713846153846
0.71
0.836842105263
0.941666666667
0
0
0
0
0
0
0
0
0.93567251462
0.769230769231
0.738916256158
0.728735632184
0.701075268817
0.698863636364
0.709523809524
0.653377630122
0.622571692877
0.681765389082
0.649048625793
0.621370499419
0.648739495798
0.660028449502
0.696566998893
0.707446808511
0.712473572939
0.705128205128
0.743954480797
0.657971014493
0.652210884354
0.643137254902
0.641568627451
0.576623376623
0.584905660377
0.659619450317
0.69358974359
0.701280227596
0.710924369748
0.674242424242
0.664367816092
0.758893280632
0.743083003953
0.724637681159
0.638709677419
0.662068965517
0.674603174603
0.673846153846
0.68115942029
0.705627705628
0.68
0.621212121212
0.670231729055
0.695075757576
0.729032258065
0.743842364532
0.73544973545
0.778461538462
0.756613756614
0.735632183908
0.697580645161
0.691532258065
0.730158730159
0.847619047619
0.911764705882
0
0
0
0
0
0
0
1.16666666667
0.826086956522
0.727513227513
0.724137931034
0.708045977011
0.681451612903
0.668168168168
0.711237553343
0.662236987818
0.642424242424
0.615171137835
0.595169082126
0.609986504723
0.625396825397
0.66218487395
0.712698412698
0.7
0.663414634146
0.684210526316
0.707692307692
0.689217758985
0.676418439716
0.673469387755
0.659591836735
0.625882352941
0.599215686275
0.636363636364
0.676113360324
0.701587301587
0.710227272727
0.701149425287
0.75
0.758893280632
0.757575757576
0.663333333333
0.663333333333
0.661538461538
0.710144927536
0.688405797101
0.671936758893
0.65
0.701538461538
0.671370967742
0.661904761905
0.719758064516
0.698863636364
0.6875
0.675268817204
0.694623655914
0.775132275132
0.704545454545
0.723484848485
0.770935960591
0.775132275132
0.766153846154
0.852631578947
0
0
0
0
0
0
0
0.840579710145
0.751322751323
0.738095238095
0.666666666667
0.623106060606
0.621621621622
0.681365576102
0.717948717949
0.70641025641
0.680487804878
0.607729468599
0.610256410256
0.650420168067
0.648841354724
0.643939393939
0.701075268817
0.668449197861
0.668449197861
0.694167852063
0.684088269454
0.69978858351
0.710144927536
0.693262411348
0.686170212766
0.653911564626
0.650505050505
0.628964059197
0.63967611336
0.680672268908
0.676136363636
0.717948717949
0.742753623188
0.735930735931
0.664031620553
0.736842105263
0.731578947368
0.701298701299
0.709956709957
0.738095238095
0.733333333333
0.684782608696
0.72
0.751322751323
0.796296296296
0.778325123153
0.689393939394
0.615873015873
0.662365591398
0.696774193548
0.715725806452
0.705882352941
0.704201680672
0.697478991597
0.714015151515
0.737931034483
0.884210526316
0
0
0
0
0
0
0
0.879310344828
0.830107526882
0.745967741935
0.6
0.593582887701
0.594657375145
0.648947951274
0.70487804878
0.726045883941
0.689743589744
0.6
0.63697705803
0.666666666667
0.670588235294
0.662365591398
0.678062678063
0.671957671958
0.703448275862
0.622531939605
0.678646934461
0.677150786309
0.677721088435
0.695035460993
0.687326549491
0.681818181818
0.678281068525
0.666666666667
0.705747126437
0.723646723647
0.683760683761
0.710144927536
0.735930735931
0.742105263158
0.733333333333
0.8
0.719298245614
0.679653679654
0.69696969697
0.718614718615
0.766666666667
0.753246753247
0.660098522167
0.673387096774
0.72688172043
0.688057040998
0.691287878788
0.612698412698
0.607843137255
0.651515151515
0.707661290323
0.695187165775
0.697478991597
0.680952380952
0.673015873016
0.744827586207
0.835497835498
0
0
0
0
0
0
0.926436781609
0.905241935484
0.859180035651
0.747747747748
0.580769230769
0.630630630631
0.617940199336
0.662236987818
0.663636363636
0.647342995169
0.625120772947
0.618181818182
0.633192389006
0.711711711712
0.705882352941
0.746031746032
0.731601731602
0.714285714286
0.61553030303
0.62569213732
0.678787878788
0.667553191489
0.681737588652
0.703381642512
0.700845665962
0.696341463415
0.681511470985
0.676136363636
0.729230769231
0.757575757576
0.68115942029
0.709956709957
0.838235294118
0.764705882353
0.771428571429
0.790476190476
0.794117647059
0.748538011696
0.679841897233
0.707509881423
0.721014492754
0.689230769231
0.674603174603
0.657258064516
0.699596774194
0.68449197861
0.682709447415
0.664772727273
0.611764705882
0.659274193548
0.70752688172
0.693181818182
0.691622103387
0.600464576074
0.616666666667
0.675579322638
0.837944664032
0
0
0
0
0
0
0.925403225806
0.888257575758
0.792172739541
0.687572590012
0.618776671408
0.688477951636
0.672473867596
0.664904862579
0.652173913043
0.622340425532
0.633672525439
0.654106280193
0.673361522199
0.739687055477
0.731092436975
0.726436781609
0.67619047619
0.736842105263
0.647177419355
0.644599303136
0.679955703212
0.626666666667
0.666975023127
0.676767676768
0.680603948897
0.712698412698
0.672268907563
0.638709677419
0.620689655172
0.699604743083
0.676666666667
0.673333333333
0.692640692641
0.705263157895
0.74269005848
0.662337662338
0.714285714286
0.679653679654
0.683794466403
0.757575757576
0.716666666667
0.671957671958
0.677248677249
0.698412698413
0.681720430108
0.731034482759
0.722580645161
0.697580645161
0.612698412698
0.626890756303
0.647058823529
0.713709677419
0.721774193548
0.635627530364
0.644381223329
0.749425287356
0.865612648221
0
0
0
0
0
0
0.92803030303
0.882352941176
0.802968960864
0.655555555556
0.687301587302
0.707152496626
0.691056910569
0.644773358002
0.635638297872
0.660606060606
0.669565217391
0.675300647549
0.682828282828
0.724358974359
0.762923351159
0.682266009852
0.712418300654
0.748917748918
0.689839572193
0.681511470985
0.675958188153
0.64154589372
0.637373737374
0.652564102564
0.710227272727
0.703448275862
0.695767195767
0.68
0.683333333333
0.710144927536
0.701538461538
0.72
0.693333333333
0.753246753247
0.709956709957
0.733333333333
0.727272727273
0.673913043478
0.667984189723
0.744588744589
0.739130434783
0.695156695157
0.706552706553
0.690476190476
0.649462365591
0.653225806452
0.69247311828
0.664772727273
0.643493761141
0.598862019915
0.652380952381
0.704545454545
0.70944741533
0.725378787879
0.743951612903
0.785714285714
0.935064935065
0
0
0
0
0
0
0.863492063492
0.797435897436
0.769512195122
0.630917874396
0.707207207207
0.714102564103
0.683838383838
0.642006802721
0.607088989442
0.642006802721
0.667553191489
0.66156462585
0.694949494949
0.742240215924
0.732773109244
0.69
0.675324675325
0.695156695157
0.687394957983
0.719047619048
0.719219219219
0.678205128205
0.645074224022
0.643493761141
0.690476190476
0.698005698006
0.671957671958
0.72
0.742753623188
0.726666666667
0.75
0.738461538462
0.775362318841
0.758893280632
0.727272727273
0.748917748918
0.724637681159
0.754940711462
0.723320158103
0.658461538462
0.728260869565
0.73
0.710769230769
0.73
0.742753623188
0.675213675214
0.68253968254
0.671264367816
0.631016042781
0.653781512605
0.685606060606
0.719758064516
0.706439393939
0.672268907563
0.711693548387
0.783068783069
0.855072463768
0
0
0
0
0
0.895833333333
0.776923076923
0.774390243902
0.70101010101
0.65991902834
0.719219219219
0.691029900332
0.68115942029
0.621417797888
0.600978336827
0.630467571644
0.690101757632
0.690101757632
0.730545876887
0.755255255255
0.763440860215
0.707509881423
0.687747035573
0.698412698413
0.689075630252
0.678812415655
0.734453781513
0.690690690691
0.642642642643
0.627016129032
0.650246305419
0.685185185185
0.68253968254
0.677248677249
0.704615384615
0.687830687831
0.714285714286
0.714285714286
0.726495726496
0.689458689459
0.652421652422
0.68
0.717391304348
0.819047619048
0.758893280632
0.703333333333
0.73
0.703703703704
0.679894179894
0.666666666667
0.692307692308
0.65811965812
0.693333333333
0.669312169312
0.673563218391
0.731527093596
0.76354679803
0.713978494624
0.726436781609
0.686021505376
0.668817204301
0.756923076923
0.873684210526
0
0
0
0
0.821848739496
0.810084033613
0.810084033613
0.739837398374
0.659903381643
0.641025641026
0.709815078236
0.737179487179
0.70202020202
0.617561683599
0.585213032581
0.630624092888
0.703381642512
0.709302325581
0.747435897436
0.726726726727
0.773333333333
0.752380952381
0.686666666667
0.671264367816
0.669841269841
0.665317139001
0.736185383244
0.692063492063
0.636636636637
0.623106060606
0.668965517241
0.70197044335
0.687192118227
0.667487684729
0.650574712644
0.706349206349
0.719576719577
0.647177419355
0.647311827957
0.636559139785
0.622988505747
0.624338624339
0.719367588933
0.721014492754
0.770562770563
0.71
0.723076923077
0.712250712251
0.657471264368
0.709401709402
0.716923076923
0.701538461538
0.739130434783
0.717391304348
0.692307692308
0.71164021164
0.730158730159
0.701149425287
0.766153846154
0.713846153846
0.68
0.778947368421
0.956043956044
0
0
0
1.04285714286
0.779310344828
0.800492610837
0.747619047619
0.680761099366
0.602220166512
0.645074224022
0.679487179487
0.719512195122
0.691919191919
0.646530612245
0.584392014519
0.608441558442
0.684551341351
0.702959830867
0.708974358974
0.686274509804
0.719367588933
0.703557312253
0.680911680912
0.708994708995
0.653968253968
0.658605974395
0.692063492063
0.662873399716
0.670588235294
0.653409090909
0.722222222222
0.714285714286
0.709359605911
0.614973262032
0.63446969697
0.663306451613
0.704433497537
0.655303030303
0.653409090909
0.730158730159
0.700854700855
0.750988142292
0.744588744589
0.688405797101
0.727272727273
0.754940711462
0.716666666667
0.736666666667
0.73
0.768115942029
0.813852813853
0.695384615385
0.735507246377
0.717391304348
0.673333333333
0.761904761905
0.686153846154
0.704615384615
0.724637681159
0.753246753247
0.722943722944
0.783625730994
0.945054945055
0
0
0
0.914285714286
0.849802371542
0.780626780627
0.720634920635
0.655052264808
0.598717948718
0.608536585366
0.642303433001
0.687707641196
0.686868686869
0.65306122449
0.624818577649
0.6395173454
0.720930232558
0.712195121951
0.698198198198
0.678062678063
0.687747035573
0.655270655271
0.710769230769
0.717948717949
0.665322580645
0.603658536585
0.705882352941
0.695238095238
0.666666666667
0.756613756614
0.730158730159
0.732804232804
0.716748768473
0.690322580645
0.655971479501
0.698863636364
0.691622103387
0.682709447415
0.699596774194
0.748677248677
0.732193732194
0.723333333333
0.77619047619
0.709956709957
0.630434782609
0.63768115942
0.69696969697
0.683794466403
0.683794466403
0.653333333333
0.735930735931
0.715415019763
0.715415019763
0.80701754386
0.683794466403
0.705263157895
0.7
0.709956709957
0.703557312253
0.703557312253
0.757142857143
0.773684210526
0.875
0
0
0
0.928104575163
0.923976608187
0.885714285714
0.663865546218
0.610256410256
0.672348484848
0.638691322902
0.643410852713
0.670190274841
0.706533776301
0.684057971014
0.649795918367
0.650612244898
0.708748615725
0.692307692308
0.647727272727
0.62
0.62962962963
0.701538461538
0.726153846154
0.689655172414
0.651515151515
0.621621621622
0.638461538462
0.701587301587
0.714015151515
0.696774193548
0.722222222222
0.722222222222
0.746438746439
0.686021505376
0.691287878788
0.719696969697
0.714795008913
0.70944741533
0.689839572193
0.652100840336
0.64314516129
0.677248677249
0.753246753247
0.684782608696
0.68115942029
0.743083003953
0.703333333333
0.853801169591
0.794736842105
0.779411764706
0.733333333333
0.683823529412
0.751633986928
0.786764705882
0.695906432749
0.62380952381
0.790849673203
0.763157894737
0.714285714286
0.714285714286
0.731601731602
0.856209150327
1.0
0
0
0
0.860294117647
0.805263157895
0.813852813853
0.667487684729
0.673563218391
0.733333333333
0.653153153153
0.636766334441
0.63829787234
0.671497584541
0.647108843537
0.660460992908
0.669750231267
0.714634146341
0.692063492063
0.655172413793
0.66
0.766798418972
0.729230769231
0.741538461538
0.70197044335
0.696551724138
0.630630630631
0.621951219512
0.678678678679
0.704545454545
0.70752688172
0.717948717949
0.667487684729
0.687830687831
0.666666666667
0.733333333333
0.739919354839
0.752016129032
0.68253968254
0.660660660661
0.603658536585
0.603238866397
0.66935483871
0.707692307692
0.653439153439
0.735177865613
0.750988142292
0.762845849802
0.78354978355
0.702898550725
0.721052631579
0.808333333333
0.846153846154
0.752380952381
0.758333333333
0.718954248366
0.645021645022
0.695238095238
0.768421052632
0.752631578947
0.69696969697
0.773684210526
0.843137254902
1.03846153846
0
1.5
0.901098901099
0.808823529412
0.777777777778
0.757575757576
0.727272727273
0.690476190476
0.724731182796
0.704099821747
0.698412698413
0.628985507246
0.664734299517
0.640306122449
0.662349676226
0.659903381643
0.684146341463
0.635627530364
0.686021505376
0.72
0.796536796537
0.839826839827
0.753846153846
0.726495726496
0.683870967742
0.660504201681
0.673015873016
0.729166666667
0.724731182796
0.670967741935
0.7
0.684782608696
0.715415019763
0.642857142857
0.651209677419
0.698863636364
0.677777777778
0.680952380952
0.707664884135
0.698752228164
0.695187165775
0.811965811966
0.740740740741
0.72
0.710144927536
0.642857142857
0.739130434783
0.762845849802
0.664615384615
0.675889328063
0.816176470588
0.838095238095
0.666666666667
0.838095238095
0.705263157895
0.777777777778
0.72380952381
0.69696969697
0.731578947368
0.695238095238
0.731578947368
0.777777777778
0.945054945055
3.0
1.02222222222
1.01515151515
0.956043956044
0.777777777778
0.663157894737
0.732026143791
0.675213675214
0.742528735632
0.707664884135
0.690476190476
0.68286099865
0.625346901018
0.617142857143
0.657004830918
0.651162790698
0.683333333333
0.696825396825
0.733333333333
0.72
0.726666666667
0.756666666667
0.744615384615
0.722222222222
0.636363636364
0.648739495798
0.682709447415
0.72688172043
0.683870967742
0.716666666667
0.65
0.701298701299
0.687747035573
0.626984126984
0.647783251232
0.675862068966
0.636974789916
0.668907563025
0.727822580645
0.750537634409
0.78078817734
0.827692307692
0.766153846154
0.666666666667
0.691699604743
0.67
0.702898550725
0.785714285714
0.711462450593
0.68115942029
0.709523809524
0.801470588235
0.672514619883
0.879120879121
0.825
0.766081871345
0.735930735931
0.688405797101
0.709956709957
0.715789473684
0.730994152047
0.808823529412
0.974358974359
1.26666666667
1.07142857143
1.11111111111
0.961538461538
0.779411764706
0.758333333333
0.671428571429
0.65811965812
0.711827956989
0.682352941176
0.666666666667
0.658569500675
0.615151515152
0.61170212766
0.664451827243
0.663182346109
0.688259109312
0.714285714286
0.733333333333
0.679802955665
0.701538461538
0.650793650794
0.680911680912
0.666666666667
0.611764705882
0.638655462185
0.642016806723
0.708045977011
0.693121693122
0.65811965812
0.673846153846
0.733333333333
0.652709359606
0.645502645503
0.733333333333
0.726153846154
0.649462365591
0.653409090909
0.698924731183
0.701612903226
0.738916256158
0.752136752137
0.65763546798
0.641304347826
0.721052631579
0.714285714286
0.695652173913
0.699275362319
0.753246753247
0.676666666667
0.643076923077
0.709523809524
0.847619047619
0.735294117647
0.647368421053
0.726315789474
0.757575757576
0.721014492754
0.810526315789
0.714285714286
0.662337662338
0.801470588235
0.974358974359
1.83333333333
1.09523809524
0.781818181818
0.698529411765
0.692810457516
0.745098039216
0.733333333333
0.686666666667
0.705747126437
0.6875
0.668253968254
0.634278002699
0.606866002215
0.630021141649
0.638477801268
0.671951219512
0.725396825397
0.766129032258
0.744827586207
0.720797720798
0.636923076923
0.633846153846
0.71
0.677248677249
0.635080645161
0.653225806452
0.698850574713
0.750769230769
0.736666666667
0.707692307692
0.75
0.766666666667
0.750769230769
0.729230769231
0.704615384615
0.73
0.753623188406
0.746376811594
0.716666666667
0.652709359606
0.706666666667
0.707509881423
0.709523809524
0.748538011696
0.748538011696
0.726315789474
0.719047619048
0.718614718615
0.753246753247
0.735507246377
0.68
0.684782608696
0.715789473684
0.738562091503
0.758333333333
0.7
0.77619047619
0.731884057971
0.78354978355
0.731225296443
0.664031620553
0.808823529412
0.948717948718
0
1.2
1.03571428571
0.833333333333
0.764705882353
0.679841897233
0.703333333333
0.762845849802
0.692118226601
0.685483870968
0.689393939394
0.634423897582
0.630769230769
0.634146341463
0.652729384437
0.686909581646
0.739750445633
0.738636363636
0.693548387097
0.71
0.663043478261
0.683333333333
0.746376811594
0.716923076923
0.709401709402
0.693121693122
0.695767195767
0.698412698413
0.743333333333
0.760869565217
0.763333333333
0.852813852814
0.87619047619
0.706552706553
0.642857142857
0.623655913978
0.669312169312
0.710769230769
0.65811965812
0.656666666667
0.731601731602
0.691699604743
0.69696969697
0.747368421053
0.726315789474
0.690476190476
0.748538011696
0.747368421053
0.686666666667
0.762845849802
0.73
0.696666666667
0.709523809524
0.808333333333
0.718954248366
0.732026143791
0.718614718615
0.731225296443
0.750988142292
0.727272727273
0.747368421053
0.833333333333
0.910256410256
0
0
0.972222222222
0.720588235294
0.730994152047
0.723320158103
0.7150997151
0.786231884058
0.677339901478
0.667338709677
0.679435483871
0.624624624625
0.628879892038
0.612078977933
0.646153846154
0.730837789661
0.723707664884
0.713709677419
0.64314516129
0.673333333333
0.707509881423
0.744588744589
0.787878787879
0.782608695652
0.666666666667
0.652709359606
0.618951612903
0.602272727273
0.602272727273
0.664021164021
0.634408602151
0.638709677419
0.713846153846
0.632258064516
0.647311827957
0.655913978495
0.712250712251
0.743333333333
0.689230769231
0.692028985507
0.719367588933
0.771428571429
0.727272727273
0.705627705628
0.704761904762
0.705263157895
0.713450292398
0.719298245614
0.763157894737
0.804761904762
0.692307692308
0.707692307692
0.688405797101
0.879120879121
0.705882352941
0.825
0.719047619048
0.757142857143
0.744588744589
0.695652173913
0.690476190476
0.764705882353
0.945454545455
0
0
1.4
0.847619047619
0.715789473684
0.727272727273
0.833992094862
0.724867724868
0.658064516129
0.657258064516
0.655303030303
0.623123123123
0.601219512195
0.625641025641
0.665165165165
0.73185483871
0.741935483871
0.698924731183
0.678062678063
0.69
0.686153846154
0.686666666667
0.637566137566
0.675213675214
0.671957671958
0.637096774194
0.661290322581
0.691954022989
0.639112903226
0.637096774194
0.709401709402
0.683760683761
0.634482758621
0.723646723647
0.71921182266
0.777777777778
0.696774193548
0.763076923077
0.662561576355
0.602298850575
0.70652173913
0.731225296443
0.744588744589
0.738095238095
0.692640692641
0.736842105263
0.935897435897
0.699346405229
0.779411764706
0.735930735931
0.692307692308
0.753623188406
0.743083003953
0.725490196078
0.758333333333
0.825
0.695238095238
0.72380952381
0.709956709957
0.719047619048
0.841666666667
0.745098039216
1.01818181818
0
0
0
0.8
0.797385620915
0.773684210526
0.822134387352
0.71921182266
0.694252873563
0.670967741935
0.679569892473
0.630158730159
0.631578947368
0.641536273115
0.712121212121
0.699596774194
0.679569892473
0.655172413793
0.663817663818
0.766798418972
0.774703557312
0.746376811594
0.622988505747
0.669312169312
0.71164021164
0.679435483871
0.67803030303
0.676136363636
0.705376344086
0.679569892473
0.694581280788
0.671264367816
0.623106060606
0.643939393939
0.783475783476
0.716129032258
0.689516129032
0.677419354839
0.700854700855
0.62315270936
0.626984126984
0.731225296443
0.658461538462
0.692028985507
0.747619047619
0.74269005848
0.783333333333
0.780952380952
0.833333333333
0.719298245614
0.746376811594
0.695156695157
0.798418972332
0.752631578947
0.846153846154
0.825
0.695238095238
0.655797101449
0.683794466403
0.714285714286
0.690476190476
0.794117647059
1.07272727273
0
0
1.4
1.01515151515
0.914285714286
0.748538011696
0.810276679842
0.743386243386
0.69247311828
0.681720430108
0.683870967742
0.662878787879
0.66218487395
0.63963963964
0.735632183908
0.722222222222
0.629885057471
0.646723646724
0.635467980296
0.723333333333
0.786561264822
0.775362318841
0.679802955665
0.662365591398
0.671370967742
0.672348484848
0.693548387097
0.731034482759
0.705376344086
0.665322580645
0.737891737892
0.691954022989
0.691954022989
0.657258064516
0.674242424242
0.652100840336
0.643697478992
0.675268817204
0.659770114943
0.630541871921
0.655270655271
0.68
0.62962962963
0.719367588933
0.715415019763
0.747368421053
0.757352941176
0.794871794872
0.769230769231
0.742647058824
0.770750988142
0.687830687831
0.706552706553
0.750988142292
0.633333333333
0.758169934641
0.742857142857
0.757142857143
0.735930735931
0.69696969697
0.726315789474
0.866666666667
1.07272727273
0
0
0
0.948717948718
0.816176470588
0.725490196078
0.787878787879
0.746438746439
0.710344827586
0.671370967742
0.683870967742
0.677419354839
0.673796791444
0.635135135135
0.672348484848
0.668965517241
0.669515669516
0.71
0.704615384615
0.632258064516
0.612903225806
0.703703703704
0.720797720798
0.772307692308
0.73544973545
0.726600985222
0.681451612903
0.688172043011
0.721674876847
0.625
0.662068965517
0.67311827957
0.730158730159
0.699507389163
0.645833333333
0.666666666667
0.719540229885
0.740740740741
0.693121693122
0.735507246377
0.758893280632
0.779220779221
0.693333333333
0.785714285714
0.735930735931
0.763157894737
0.794117647059
0.824175824176
0.782051282051
0.758333333333
0.787878787879
0.753333333333
0.746666666667
0.847619047619
0.719298245614
0.841666666667
0.718614718615
0.707509881423
0.707509881423
0.675889328063
0.652380952381
0.775
0.969696969697
0
0
0
0
0.828571428571
0.771428571429
0.803921568627
0.706552706553
0.740740740741
0.703448275862
0.694252873563
0.671370967742
0.668560606061
0.642857142857
0.638655462185
0.666666666667
0.651209677419
0.686021505376
0.73645320197
0.701149425287
0.64314516129
0.695156695157
0.662561576355
0.662068965517
0.76
0.741538461538
0.723646723647
0.703703703704
0.743333333333
0.653439153439
0.647783251232
0.717948717949
0.732804232804
0.680459770115
0.694581280788
0.727513227513
0.735042735043
0.74
0.689230769231
0.739130434783
0.761904761905
0.727272727273
0.711462450593
0.711462450593
0.727272727273
0.701298701299
0.803921568627
0.742647058824
0.846153846154
0.733333333333
0.766666666667
0.764492753623
0.756666666667
0.731884057971
0.816176470588
0.732026143791
0.783625730994
0.703557312253
0.711462450593
0.773684210526
0.816993464052
0.885714285714
0.981818181818
0
0
0
0
1.04444444444
0.846153846154
0.698529411765
0.714285714286
0.677339901478
0.697044334975
0.675862068966
0.704433497537
0.688172043011
0.657754010695
0.638655462185
0.653225806452
0.677419354839
0.69696969697
0.74623655914
0.741935483871
0.733333333333
0.701149425287
0.710769230769
0.648148148148
0.724637681159
0.771428571429
0.731601731602
0.731601731602
0.699275362319
0.70652173913
0.735507246377
0.775362318841
0.763076923077
0.773333333333
0.660098522167
0.689458689459
0.736666666667
0.717391304348
0.691699604743
0.677536231884
0.687747035573
0.666666666667
0.666666666667
0.701298701299
0.733333333333
0.714285714286
0.719047619048
0.710526315789
0.847619047619
0.686274509804
0.719047619048
0.65811965812
0.713846153846
0.71
0.688311688312
0.678362573099
0.763157894737
0.640211640212
0.669515669516
0.696666666667
0.824561403509
0.838235294118
0.935897435897
0
0
0
0
0
0.736263736264
0.807692307692
0.713235294118
0.664615384615
0.687830687831
0.693121693122
0.698412698413
0.682266009852
0.627450980392
0.636363636364
0.689655172414
0.653225806452
0.703225806452
0.790640394089
0.788505747126
0.763440860215
0.773399014778
0.746031746032
0.642857142857
0.691699604743
0.728571428571
0.747368421053
0.714285714286
0.692640692641
0.768421052632
0.686666666667
0.707692307692
0.75
0.68660968661
0.664615384615
0.707509881423
0.722943722944
0.69696969697
0.714285714286
0.803921568627
0.754385964912
0.695238095238
0.692640692641
0.66
0.663333333333
0.673333333333
0.727272727273
0.709523809524
0.730994152047
0.75
0.713450292398
0.687747035573
0.779220779221
0.766233766234
0.710526315789
0.688311688312
0.72
0.775362318841
0.685185185185
0.666666666667
0.735177865613
0.8
0.875
0
0
0
0
0
1.2380952381
0.927272727273
0.909090909091
0.670995670996
0.640211640212
0.64039408867
0.710769230769
0.710769230769
0.665024630542
0.674876847291
0.651612903226
0.687356321839
0.694252873563
0.746305418719
0.735483870968
0.708333333333
0.703629032258
0.665322580645
0.695156695157
0.695652173913
0.688311688312
0.748538011696
0.841666666667
0.808823529412
0.797385620915
0.718614718615
0.735930735931
0.735177865613
0.666666666667
0.666666666667
0.701298701299
0.69696969697
0.747368421053
0.816993464052
0.731578947368
0.705263157895
0.671936758893
0.719367588933
0.692307692308
0.698461538462
0.69
0.761904761905
0.747368421053
0.758169934641
0.757352941176
0.757352941176
0.747368421053
0.766666666667
0.707509881423
0.666666666667
0.805263157895
0.796536796537
0.814229249012
0.746666666667
0.760869565217
0.78354978355
0.830409356725
0.934065934066
0
0
0
0
3.0
1.0
1.17857142857
0.820512820513
0.816176470588
0.728260869565
0.669515669516
0.699275362319
0.703557312253
0.676923076923
0.713768115942
0.675213675214
0.660098522167
0.68253968254
0.669950738916
0.76
0.746031746032
0.688172043011
0.651612903226
0.669515669516
0.703557312253
0.736842105263
0.684210526316
0.741666666667
0.725
0.720588235294
0.7
0.838235294118
0.790849673203
0.747368421053
0.754385964912
0.731578947368
0.714285714286
0.757894736842
0.709523809524
0.710526315789
0.772058823529
0.860294117647
0.792207792208
0.75
0.729230769231
0.72
0.707509881423
0.679653679654
0.707602339181
0.8
0.766666666667
0.736842105263
0.704761904762
0.691699604743
0.754385964912
0.818713450292
0.766798418972
0.726153846154
0.666666666667
0.695384615385
0.77619047619
0.795321637427
0.987179487179
0
0
0
0
0
2.0
0.844444444444
0.863636363636
0.757894736842
0.754940711462
0.706666666667
0.707509881423
0.666666666667
0.694736842105
0.701298701299
0.696666666667
0.602272727273
0.622103386809
0.625
0.647783251232
0.642857142857
0.661375661376
0.68
0.666666666667
0.747619047619
0.709956709957
0.644268774704
0.718954248366
0.802197802198
0.807692307692
0.794871794872
0.78021978022
0.871794871795
0.758333333333
0.775
0.772058823529
0.78431372549
0.766081871345
0.760233918129
0.721052631579
0.719298245614
0.728571428571
0.75
0.703703703704
0.700854700855
0.71
0.711462450593
0.7
0.690476190476
0.816666666667
0.733333333333
0.780952380952
0.786764705882
0.779411764706
0.715789473684
0.714285714286
0.686666666667
0.703333333333
0.618226600985
0.65
0.675324675325
0.92380952381
1.05454545455
0
0
0
0
0
0
1.13333333333
0.824175824176
0.830409356725
0.761904761905
0.780952380952
0.760233918129
0.733333333333
0.75
0.75
0.810526315789
0.79347826087
0.726600985222
0.709677419355
0.694623655914
0.746031746032
0.722222222222
0.775362318841
0.676666666667
0.714285714286
0.783625730994
0.795321637427
0.808823529412
0.816666666667
0.813186813187
0.769230769231
0.909090909091
0.944444444444
0.888888888889
0.888888888889
0.794871794872
0.838095238095
0.786764705882
0.808823529412
0.758169934641
0.738562091503
0.736842105263
0.728260869565
0.746666666667
0.72
0.676923076923
0.722943722944
0.763157894737
0.816993464052
0.883333333333
0.775
0.813186813187
0.8
0.672514619883
0.705882352941
0.710526315789
0.757894736842
0.735930735931
0.711462450593
0.757894736842
0.671428571429
0.879120879121
1.08888888889
0
0
0
0
0
0
0
0.691176470588
0.752631578947
0.752380952381
0.763157894737
0.8
0.794871794872
0.909090909091
1.06666666667
0.866666666667
0.910526315789
0.928571428571
0.85
0.902173913043
0.836923076923
0.865942028986
0.753846153846
0.703703703704
0.648550724638
0.666666666667
0.860294117647
0.891666666667
0.816666666667
0.858974358974
0.927272727273
0.890909090909
1.0
1.06666666667
0.928571428571
1.0
0.8
0.742857142857
0.718954248366
0.75
0.725490196078
0.74269005848
0.771428571429
0.721014492754
0.703333333333
0.699275362319
0.738095238095
0.742857142857
0.757894736842
0.790849673203
0.75
0.782051282051
0.833333333333
0.78021978022
0.893939393939
0.742647058824
0.81045751634
0.742857142857
0.766666666667
0.812865497076
0.736842105263
0.790476190476
1.0
0
0
0
0
0
0.909090909091
0.816666666667
0.866666666667
0.775
0.764705882353
0.838095238095
0.708333333333
0.818181818182
1.10714285714
1.02777777778
1.28571428571
1.08791208791
0.931578947368
1.00584795322
0.905138339921
0.901185770751
0.847826086957
0.910526315789
0.866666666667
0
0.824175824176
0.738562091503
0.825
0.780952380952
0.704761904762
1.02777777778
0.972222222222
1.3
1.66666666667
1.04761904762
1.03571428571
0.866666666667
0.866666666667
0.955555555556
0.824175824176
0.8
0.684210526316
0.747368421053
0.72380952381
0.733333333333
0.705627705628
0.733333333333
0.705627705628
0.688311688312
0.74269005848
0.888888888889
0.836363636364
0.846153846154
0.769230769231
0.854545454545
0.807692307692
0.801470588235
0.709523809524
0.768421052632
0.838235294118
0.85
0.846153846154
0.945454545455
0
0
0
0
1.6
0.897435897436
0.934065934066
0.841666666667
0.75
0.716666666667
0.733333333333
0.704761904762
1.08333333333
1.08333333333
0
0
0
0
0
0
0
0
1.42857142857
0
0
1.2380952381
0.833333333333
0.736263736264
1.0
0.757575757576
0.972222222222
0.964285714286
0
0
0
1.4
0.944444444444
0.944444444444
0.866666666667
0.80303030303
0.813186813187
0.813186813187
0.75
0.745098039216
0.74269005848
0.766081871345
0.709523809524
0.731578947368
0.771241830065
0.783333333333
0.704761904762
0.854545454545
0.824175824176
0.846153846154
0.708333333333
0.787878787879
0.813186813187
0.923076923077
0.705263157895
0.808333333333
0.791666666667
0.963636363636
1.33333333333
0
0
0
3.0
1.26666666667
1.11111111111
1.0
0.825
0.752380952381
0.893939393939
0.939393939394
0.846153846154
0.963636363636
1.33333333333
0
0
0
0
0
0
0
0
0
0
0
0
0.927272727273
0.945454545455
0.666666666667
0.878787878788
0.890909090909
1.03571428571
2.0
0
0
0
0
1.2
1.03571428571
0.844444444444
0.763636363636
0.769230769231
0.878787878788
0.833333333333
0.757352941176
0.758169934641
0.858333333333
0.833333333333
0.912087912088
0.824175824176
0.872727272727
0.933333333333
0.771428571429
0.912087912088
0.87619047619
0.766666666667
0.893939393939
0.72380952381
0.691666666667
0.890909090909
0.769230769231
0.854545454545
1.14285714286
0
0
0
0
0
0
1.0
0.89010989011
0.878787878788
0.807692307692
0.863636363636
0.890909090909
1.05555555556
0
0
0
0
0
0
0
0
0
0
0
0
0
1.22222222222
0.948717948718
0.8
0.868131868132
0.858974358974
0.890909090909
0
0
0
0
0
0
0
1.2
0.844444444444
0.836363636364
0.911111111111
0.836363636364
0.736263736264
0.813186813187
0.897435897436
0.72380952381
0.807692307692
0.736263736264
0.794871794872
1.05555555556
0.666666666667
0.866666666667
0.790849673203
0.657142857143
0.790476190476
0.871794871795
0.761904761905
0.820512820513
0.787878787879
0.888888888889
1.26666666667
0
0
0
0
0
1.3
0.888888888889
0.794871794872
0.818181818182
1.0
1.26666666667
1.66666666667
0
0
0
0
0
0
0
0
0
0
0
0
0
0
1.04444444444
0.846153846154
0.868131868132
0.923076923077
0.846153846154
1.2380952381
1.4
0
0
0
0
0
0
0
1.07142857143
0.977777777778
0.890909090909
0.854545454545
0.818181818182
0.888888888889
0.80303030303
0.872727272727
0.977777777778
0.818181818182
0.794871794872
0.893939393939
0.720588235294
0.7
0.78431372549
0.794117647059
0.712418300654
0.802197802198
0.871794871795
0.924242424242
0.818181818182
0.888888888889
1.26666666667
0
0
0
3.0
1.5
1.03571428571
0.866666666667
0.888888888889
1.07142857143
0.892857142857
3.0
0
0
0
0
0
0
0
0
0
0
0
0
0
0
0
1.33333333333
0.8
0.878787878788
0.791208791209
0.872727272727
1.07142857143
0
1.5
1.4
0
0
0
0
0
0
1.03571428571
1.05555555556
0.872727272727
0.818181818182
0.888888888889
0.916666666667
0.944444444444
0.909090909091
0.80303030303
0.769230769231
0.893939393939
0.813186813187
0.771428571429
0.718954248366
0.868131868132
0.708333333333
0.747252747253
0.78021978022
0.833333333333
0.854545454545
0.916666666667
1.26666666667
0
0
0
0
0
1.06666666667
0.893939393939
0.833333333333
0.911111111111
0.964285714286
1.26666666667
1.26666666667
2.0
0
0
0
0
0
0
0
0
0
0
0
0
0
1.2
1.0
0.911111111111
0.964285714286
1.2
1.13333333333
1.66666666667
1.66666666667
1.4
1.26666666667
1.83333333333
0
1.5
1.11111111111
1.10714285714
1.5
0
1.14285714286
0.916666666667
1.04761904762
0.964285714286
0.861111111111
0.763636363636
0.866666666667
0.818181818182
0.863636363636
0.820512820513
0.863636363636
0.747252747253
0.794871794872
0.833333333333
0.725
0.761904761905
0.75
0.769230769231
0.854545454545
1.14285714286
0
0
0
0
0
0
0.830882352941
0.866666666667
0.808333333333
0.782051282051
0.818181818182
0.909090909091
0.893939393939
0
0
0
0
0
0
0
0
0
0
0
0
0
1.0
0.945454545455
0.878787878788
0.972222222222
0
0
0
0
0
1.26666666667
1.0
1.01818181818
0.847619047619
0.866666666667
1.11111111111
1.2
0
1.4
1.4
0
1.3
1.0
1.04761904762
0.928571428571
0.911111111111
0.890909090909
0.782051282051
0.848484848485
0.872727272727
0.782051282051
0.78021978022
0.857142857143
0.879120879121
0.809523809524
0.897435897436
0.893939393939
1.10714285714
0
0
0
0
0
0
0.852813852814
0.806324110672
0.839826839827
0.80701754386
0.766666666667
0.923076923077
0.967032967033
0.879120879121
1.6
3.0
0
0
0
0
0
0
0
0
0
0
1.17857142857
0.824175824176
0.78021978022
1.2380952381
1.83333333333
0
0
0
0
0
0
0.897435897436
0
0.904761904762
0.884615384615
2.0
0
0
1.5
0
0
1.5
1.0
0.964285714286
0.866666666667
1.10714285714
0.854545454545
0.955555555556
0.818181818182
0.888888888889
0.794871794872
0.924242424242
0.771428571429
0.733333333333
0.820512820513
0.863636363636
1.14285714286
0
0
0
0
0
0
1.00584795322
0.963157894737
0.807971014493
0.762845849802
0.661904761905
0.683982683983
0.803921568627
0.866666666667
1.02777777778
1.66666666667
0
3.0
1.66666666667
3.0
0
0
0
0
0
0
0.977777777778
0.780952380952
0.769230769231
0.781818181818
0
0
0
0
0
0
1.4
0.884615384615
0.87619047619
0.786764705882
0.838095238095
0
0
0
0
1.5
0
1.1
1.1
0.857142857143
1.33333333333
1.0
0.861111111111
0.888888888889
0.972222222222
0.866666666667
0.8
0.80303030303
0.911111111111
0.818181818182
1.02777777778
1.28571428571
1.6
0
0
0
0
0
0.904761904762
0.904761904762
0.973684210526
0.914285714286
0.729230769231
0.69696969697
0.728571428571
0.838235294118
0.923076923077
1.33333333333
0
0
0
0
0
0
0
0
0
0
1.5
0.848484848485
0.833333333333
0.977777777778
1.33333333333
1.4
0
0
0
0
0
1.2
0.890909090909
0.820512820513
0.878787878788
0.78021978022
0.944444444444
0
0
1.3
1.13333333333
1.13333333333
1.13333333333
1.06666666667
1.13333333333
1.2
1.5
0.952380952381
1.0
0.888888888889
0.911111111111
0.911111111111
0.888888888889
0.964285714286
1.5
1.66666666667
1.66666666667
3.0
0
0
0
0
0
0.926315789474
0.9
0.830039525692
0.738461538462
0.710144927536
0.747619047619
0.773684210526
0.754385964912
0.87619047619
0
0
0
0
0
0
0
0
0
0
0
1.2
1.11111111111
0.927272727273
0.866666666667
1.04761904762
1.2
2.0
0
0
0
0
1.09523809524
0.822222222222
0.911111111111
1.0
0.757575757576
0.893939393939
1.02222222222
0.927272727273
0.844444444444
0.964285714286
1.04761904762
0.952380952381
1.13333333333
0.952380952381
2.0
0
1.2
0.952380952381
0.866666666667
0.911111111111
0.818181818182
0.888888888889
1.0
1.33333333333
1.33333333333
1.2
2.0
0
0
0
0
0
0.858333333333
0.816993464052
0.703557312253
0.715415019763
0.723320158103
0.869281045752
0.752380952381
0
1.6
0
0
0
0
0
0
0
0
0
3.0
1.2
1.13333333333
0.833333333333
1.09523809524
1.1
0
0
2.0
0
0
0
1.5
1.03571428571
1.03571428571
1.0
1.14285714286
0.944444444444
0.78021978022
1.01818181818
0.939393939394
0.933333333333
0.964285714286
0.892857142857
1.5
1.2
1.2
0
0
1.33333333333
1.06666666667
0.964285714286
1.26666666667
1.14285714286
1.13333333333
1.06666666667
1.0
1.0
1.5
1.66666666667
0
0
0
0
0
0.961538461538
1.02564102564
0.867647058824
0.869281045752
0.875816993464
0.926470588235
0
0
0
0
0
0
0
0
0
0
0
0
0
1.09523809524
1.09523809524
0.857142857143
0.933333333333
1.5
0
0
0
0
0
0
1.4
1.0
1.4
0
0
0.916666666667
0.695238095238
0.742857142857
0.927272727273
0.888888888889
1.0
1.06666666667
3.0
0
3.0
0
0
1.2
1.04761904762
0.952380952381
1.33333333333
0
1.66666666667
1.1
1.33333333333
1.66666666667
0
0
0
0
0
0
1.4
0.909090909091
1.08333333333
0.984848484848
0.771929824561
0.728571428571
0.934065934066
0
0
0
0
0
0
0
0
0
0
0
0
1.09523809524
0.888888888889
0.964285714286
1.26666666667
1.66666666667
1.09523809524
1.4
0
0
0
0
0
1.5
0
0
0
1.26666666667
1.02777777778
0.695238095238
1.05555555556
0.916666666667
1.13333333333
1.06666666667
1.2
1.66666666667
3.0
0
0
0
1.33333333333
1.03571428571
0.952380952381
1.33333333333
1.66666666667
1.33333333333
3.0
0
0
0
0
0
0
0
0
1.2
1.06666666667
1.3
0
0
0
1.3
3.0
0
0
0
0
0
0
0
0
0
0
1.83333333333
1.03571428571
0.888888888889
0.964285714286
0.964285714286
0.964285714286
1.13888888889
0.945454545455
0.909090909091
0
0
0
0
3.0
0
0
1.4
1.0
0.955555555556
0.890909090909
1.10714285714
1.13333333333
0
1.66666666667
1.2
1.2
1.2
0
0
0
1.04761904762
0.928571428571
1.3
1.66666666667
1.66666666667
0
0
0
0
0
0
0
0
0
0
2.0
1.3
2.0
0
0
0
0
0
0
0
0
0
0
0
0
0
0
0
0
1.0
1.0
0.952380952381
0.964285714286
0.888888888889
0.822222222222
1.01818181818
0.89010989011
0.868131868132
1.38095238095
0
0
0
0
0
1.83333333333
1.2
0.822222222222
0.911111111111
0.888888888889
1.2
1.66666666667
1.66666666667
3.0
1.3
1.66666666667
0
0
0
2.0
1.0
1.13333333333
1.33333333333
3.0
0
0
0
0
0
0
0
0
0
0
0
0
0
0
0
0
0
0
0
0
0
0
0
0
0
0
0
0
0
1.0
1.0
0.952380952381
1.06666666667
0.888888888889
1.03571428571
0.758241758242
0.828571428571
0.808333333333
1.0
0
0
0
0
0
0
0
1.5
1.4
0.821428571429
1.33333333333
1.66666666667
3.0
0
0
1.5
0
0
0
0
1.2
1.13333333333
1.33333333333
0
0
0
0
0
0
0
0
0
0
0
0
0
0
0
0
0
0
0
2.0
0
0
0
0
0
0
0
0
0
0
1.6
1.03571428571
0.916666666667
1.13333333333
1.13333333333
0.928571428571
0.964285714286
0.878787878788
0.89010989011
0.819047619048
1.25
0
0
0
0
3.0
1.5
3.0
0
1.26666666667
0.952380952381
1.2
1.66666666667
0
3.0
1.66666666667
0
3.0
0
0
1.4
0.861111111111
1.3
0
0
0
0
0
0
0
0
0
0
0
0
0
0
0
0
0
0
0
2.0
0
0
0
0
0
0
0
0
0
0
1.33333333333
0
1.07142857143
1.03571428571
0.952380952381
0.952380952381
0.952380952381
0.928571428571
0.955555555556
0.884615384615
0.924242424242
1.2380952381
3.0
3.0
0
2.0
1.5
0
0
1.09523809524
1.14285714286
1.13333333333
1.5
3.0
1.2
1.66666666667
1.66666666667
3.0
0
0
1.33333333333
1.03571428571
1.5
0
0
0
0
0
0
0
0
0
0
0
0
0
0
0
0
0
0
0
2.0
0
0
0
0
0
0
0
0
0
0
0
1.14285714286
1.4
1.2
1.66666666667
1.66666666667
2.0
1.66666666667
1.3
1.10714285714
1.33333333333
1.66666666667
0
0
3.0
1.66666666667
1.66666666667
0
0
0
1.5
1.13333333333
3.0
3.0
2.0
1.3
1.5
0
0
0
1.83333333333
1.33333333333
0
0
0
0
0
0
0
0
